nx_shortest_path_length,nx_shortest_travel_time_length
942.7649999999999,62.0
1735.551,128.3
1326.531,95.09999999999998
616.723,46.0
3661.7509999999997,265.1
4811.595,320.09999999999997
1560.6740000000002,111.9
2370.109,175.49999999999997
852.3539999999999,55.400000000000006
2531.0510000000004,172.0
4253.615000000001,296.9
4225.788999999999,297.29999999999995
3810.903999999999,203.7
695.864,45.300000000000004
2140.869,145.9
1183.144,77.6
1632.0529999999999,109.4
2860.882,199.89999999999995
5014.082,364.99999999999994
2018.189,136.7
2530.827000000001,173.5
4938.845,335.6000000000001
3178.077,217.99999999999997
2720.6310000000003,196.50000000000006
2039.9550000000002,152.29999999999998
2241.7799999999997,167.59999999999997
2469.9359999999997,183.09999999999997
2022.1309999999999,137.3
3724.2310000000007,270.40000000000003
1855.877,131.4
1123.901,73.0
1510.9600000000003,102.40000000000002
2795.5879999999997,178.99999999999997
3749.412999999999,260.69999999999993
4736.296000000001,370.59999999999974
4898.719,347.9
3832.406,282.29999999999995
1811.166,119.70000000000002
4102.171,290.0999999999999
5706.250999999999,386.3
1476.614,95.99999999999999
6178.241000000001,436.79999999999995
3511.5260000000003,230.99999999999994
1493.2269999999999,116.5
2458.46,160.79999999999998
508.707,35.8
1560.3020000000001,106.29999999999998
3678.099,249.69999999999993
1634.207,107.39999999999999
3976.5409999999997,278.00000000000006
1665.794,114.49999999999999
3490.8549999999996,248.4
865.301,57.699999999999996
3361.0450000000005,186.29999999999998
1860.9089999999999,123.40000000000002
1343.6960000000001,92.59999999999998
1748.438,123.7
5370.383,377.29999999999995
6040.767000000001,412.69999999999993
3128.161,172.29999999999998
4653.475000000001,307.1
4200.252,285.6
2739.9160000000006,180.7
3054.2219999999993,229.9
1679.122,108.30000000000003
2008.487,138.0
3788.058000000001,278.2
3513.89,248.6
3164.3410000000003,217.5
1277.404,109.39999999999999
1380.579,91.60000000000001
953.583,65.2
1797.6889999999999,126.49999999999999
3649.5720000000006,241.19999999999996
2964.6550000000007,202.4
1336.4789999999998,89.50000000000003
4853.64,342.50000000000006
3874.2360000000003,271.49999999999994
4510.2080000000005,319.79999999999995
1948.0260000000005,141.4
4611.535999999999,278.0
1313.37,94.8
1373.66,102.3
5170.825999999999,341.29999999999984
5170.825999999999,341.29999999999984
3062.4500000000007,214.6
4574.460000000002,329.2
1008.4670000000001,64.89999999999999
4500.676,317.39999999999986
1119.1429999999998,83.29999999999998
3888.18,262.0
5238.125000000002,373.9999999999999
2759.4609999999993,184.70000000000002
5297.9400000000005,350.4000000000001
2962.785,219.6
2962.785,219.6
3101.772,201.89999999999998
3675.2099999999996,251.40000000000003
1557.5889999999997,114.0
4370.335999999999,265.0
2982.212,195.89999999999998
4822.775,345.0000000000001
4050.5840000000007,265.79999999999995
2543.205000000001,175.4
3759.1839999999993,272.10000000000014
862.719,57.9
3749.424,272.90000000000003
1549.0170000000003,114.4
2092.99,149.9
3382.125,238.29999999999995
3683.637,262.30000000000007
5247.841,351.29999999999995
4097.592000000001,289.0999999999999
3780.6789999999996,254.49999999999991
2524.5879999999997,219.40000000000006
4584.924000000001,321.99999999999994
3509.527,233.09999999999997
1780.8,128.60000000000002
2470.2909999999997,179.50000000000003
618.402,44.5
3520.1519999999996,247.7
2611.2580000000003,180.99999999999997
4924.403999999999,350.09999999999997
2803.354,202.9
1525.583,100.5
3975.182999999999,224.3
4394.886,314.1999999999999
3588.6580000000004,240.79999999999998
4135.875000000001,258.0
3105.0609999999992,218.10000000000002
894.946,59.8
2256.554,160.0
3895.7110000000002,272.6
1546.803,105.60000000000001
4086.2059999999997,298.09999999999997
577.013,39.5
2379.46,166.0
3770.441,270.8
4389.308999999998,311.8
1289.754,94.10000000000001
1553.0030000000002,109.80000000000001
1338.766,88.99999999999999
3954.034,285.59999999999997
3536.6150000000007,255.5
4007.2389999999996,267.1
1292.1750000000002,89.09999999999998
5237.8820000000005,363.9
2665.484,178.7
283.88199999999995,18.5
2675.8799999999997,194.79999999999995
4260.447999999999,222.9
2715.0979999999995,189.4
991.713,67.6
1334.3020000000001,99.6
3142.768,215.1
3356.6140000000005,236.0
2186.537,143.60000000000002
2984.547,214.40000000000003
1318.381,94.09999999999998
1826.5720000000001,125.69999999999999
3625.123000000001,235.79999999999993
3316.0079999999994,223.20000000000005
4784.707,304.40000000000003
4972.126000000002,353.69999999999993
3699.3029999999994,273.6
4197.954,296.29999999999995
4856.1489999999985,295.70000000000005
209.849,13.8
2547.551,188.9
2663.0310000000004,164.0
4695.962999999999,318.9000000000001
3355.522,238.00000000000003
5341.548000000001,343.20000000000005
1593.733,117.69999999999999
3153.069,201.60000000000002
1707.5679999999998,119.10000000000002
3003.246,196.60000000000002
1068.264,144.79999999999998
3821.326000000001,283.0
2983.352,217.59999999999997
394.568,29.4
355.398,25.6
1774.9610000000005,125.8
2405.1890000000003,177.30000000000004
5051.909000000001,408.3999999999999
2601.879,191.60000000000002
5750.900999999999,406.3999999999999
4070.7490000000003,291.99999999999994
3888.2329999999997,346.5
152.506,10.1
4539.298000000001,321.59999999999997
4171.482000000001,253.59999999999997
3819.501,250.00000000000003
2545.0379999999996,191.59999999999997
687.46,46.300000000000004
1115.839,73.9
5139.61,370.29999999999984
2372.6599999999994,143.40000000000003
3528.104000000001,230.79999999999995
3913.297999999999,270.99999999999994
4155.267999999999,273.5
1139.9650000000001,90.19999999999999
2731.134,196.80000000000004
4558.3550000000005,317.8999999999999
3393.8619999999996,233.2
3975.6009999999997,249.9
1262.9030000000002,82.3
3416.5799999999995,222.49999999999997
3114.166,237.29999999999998
2378.006,166.9
2535.751,167.9
2504.949,239.4
772.178,57.4
2404.9800000000005,161.99999999999997
4541.760000000002,326.7999999999999
1983.45,125.0
3496.08,258.70000000000005
2524.5069999999996,182.39999999999995
2782.1739999999995,141.70000000000002
870.335,64.60000000000001
4396.555,313.59999999999997
2427.8820000000005,164.1
4626.253,317.59999999999997
4115.385,296.40000000000003
3061.710000000001,219.80000000000004
4736.749,320.00000000000006
4403.370000000002,314.7
3441.1629999999996,195.3
3011.667,199.1
4780.914000000002,342.59999999999997
3372.524999999999,234.89999999999992
3691.5240000000003,247.70000000000007
3621.7060000000006,263.4
2926.6510000000007,210.70000000000002
2206.495,160.29999999999998
3944.3810000000003,247.10000000000002
2576.393,184.00000000000003
4484.814,318.0
1922.3229999999999,190.69999999999996
3035.7380000000003,221.8
1914.1529999999996,138.50000000000003
4048.5560000000005,285.0
812.168,59.0
1807.9880000000005,118.10000000000001
1678.9349999999997,112.2
3063.318999999999,214.99999999999997
4048.8250000000003,334.90000000000003
672.232,45.4
2748.3569999999995,186.99999999999997
2723.663,187.3
371.26000000000005,24.2
1467.7060000000001,97.20000000000002
2494.468,163.50000000000003
2341.6620000000003,176.8
3253.612,212.80000000000004
3228.888999999999,237.0
2172.9030000000002,151.9
3642.2770000000005,264.5
2298.54,201.3
3022.542999999999,219.20000000000005
1603.316,106.70000000000003
560.179,36.3
2531.9750000000004,178.6
4340.666,299.20000000000005
5244.5689999999995,353.0999999999999
5314.485,372.79999999999995
5020.703000000001,356.20000000000005
1240.1870000000001,80.7
1522.1190000000004,97.6
1856.41,121.80000000000001
1917.6999999999994,135.5
5399.444,389.3999999999997
3370.2820000000006,218.0
4245.87,305.09999999999997
4450.063000000001,314.99999999999994
2545.0539999999996,186.39999999999995
2867.402,274.09999999999997
3752.2449999999994,265.9000000000001
3149.882,205.89999999999998
3039.0199999999995,206.10000000000005
1607.0150000000003,103.90000000000002
2839.5380000000005,194.80000000000004
2134.1769999999997,144.10000000000002
5171.594000000001,365.09999999999997
2106.376,152.90000000000003
3661.338,246.09999999999994
3670.0440000000012,261.3
1671.463,102.2
3171.946,226.10000000000002
3681.3640000000005,251.89999999999998
1403.344,95.6
5489.054999999998,385.5
3374.7519999999995,221.9
604.5509999999999,39.5
3702.9780000000005,266.6
3576.905,253.69999999999996
2414.9919999999993,172.0
1284.7369999999999,87.89999999999999
2104.528,160.5
851.5160000000001,63.599999999999994
853.009,55.3
2101.7290000000003,138.70000000000002
6402.481999999997,417.19999999999993
2486.5739999999996,159.4
3579.6810000000005,234.90000000000003
1496.146,98.29999999999998
3669.3119999999994,267.30000000000007
1201.462,90.89999999999999
3561.9150000000004,229.59999999999997
3722.007,309.8
5105.392999999998,341.09999999999997
1851.9900000000002,119.39999999999999
3821.9929999999995,189.8
5044.847999999999,358.2000000000001
3115.7919999999995,233.5
2961.4699999999993,221.0
1285.3700000000001,125.0
3872.4690000000005,272.9
3017.157,216.00000000000003
2187.5130000000004,157.6
4072.192,251.5
1456.6399999999999,108.6
1911.438,138.20000000000005
3301.9199999999996,243.89999999999998
3292.7389999999996,233.39999999999998
797.826,56.00000000000001
1401.4520000000002,95.89999999999999
2420.343,174.0
3777.354999999999,270.99999999999994
2026.0180000000003,151.20000000000002
4056.7230000000004,290.40000000000003
3808.615,268.49999999999994
2319.871,145.2
5089.1579999999985,358.59999999999997
2834.850000000001,194.30000000000004
931.5070000000001,63.00000000000001
2976.722,220.20000000000002
5440.111999999999,367.79999999999995
534.622,34.8
2508.2410000000004,177.29999999999998
2892.475,191.10000000000002
3039.056,197.50000000000003
1569.259,115.8
2958.1150000000002,217.8
5845.467999999999,393.3999999999999
4154.856000000001,296.0999999999999
3731.6500000000005,268.4
1379.623,179.39999999999998
4153.807,292.90000000000003
1020.4530000000002,71.0
3834.2270000000008,209.9
2156.6670000000004,158.5
1812.0810000000001,126.2
2879.9410000000003,201.29999999999998
2263.494,151.5
1422.15,94.49999999999999
1104.6399999999999,82.49999999999999
4079.3820000000005,289.79999999999995
3436.8479999999995,243.00000000000006
1908.508,137.2
1908.508,137.2
4243.708,289.40000000000003
2286.6629999999996,150.70000000000002
694.742,45.300000000000004
3808.024,294.29999999999995
1851.896,123.39999999999999
1509.3810000000003,106.0
4719.998999999999,347.0000000000001
1898.657,135.50000000000003
3821.664,260.4
504.105,32.8
546.295,35.300000000000004
3378.094,223.4
4319.215999999999,343.70000000000005
1746.8660000000002,130.6
3065.2189999999996,203.90000000000006
2794.9669999999996,193.10000000000002
1201.1380000000001,89.70000000000002
1333.905,89.9
4476.004000000001,307.59999999999997
378.655,25.299999999999997
3892.240000000001,275.0
2564.305,180.7
2976.851,212.10000000000002
932.3390000000002,66.6
1010.941,75.5
4912.286,347.29999999999995
1625.8190000000002,105.20000000000002
2604.987,187.20000000000005
1885.0569999999998,138.70000000000002
4181.084,292.6
1156.023,76.4
4316.369,421.3
3934.0469999999996,289.7
517.9290000000001,38.4
3327.408,224.6
2006.114,131.89999999999998
3319.533,243.20000000000002
5611.029000000001,394.4
2788.7310000000007,191.09999999999997
4918.777,349.7999999999999
5951.740000000001,412.09999999999997
2810.4150000000004,197.70000000000002
4755.281000000001,335.7999999999999
2324.191,168.8
3455.7260000000006,245.70000000000002
1709.414,124.10000000000002
2971.54,202.20000000000002
1983.429,139.4
2306.651,164.0
3279.9680000000003,231.99999999999994
3105.174,208.79999999999998
3134.7110000000002,214.99999999999994
4388.032000000002,309.3
3636.0889999999995,268.5
3771.8250000000007,250.89999999999998
1417.317,102.9
4975.973000000001,333.49999999999994
3533.959,248.6
1022.8839999999999,75.0
3421.0649999999996,242.59999999999994
768.046,50.8
3191.0370000000007,225.60000000000002
4600.204,308.0
1185.792,79.39999999999999
470.293,30.900000000000002
779.5540000000001,51.900000000000006
3188.203,225.5
4294.0160000000005,284.2
2293.689,169.90000000000003
2815.3539999999994,199.4
4071.444,283.5
2008.996,117.60000000000001
3332.817,235.19999999999996
1754.198,120.70000000000002
152.957,11.4
2449.359,157.8
610.776,41.599999999999994
2162.445,145.59999999999997
921.4610000000001,60.9
2482.2309999999998,162.79999999999995
3504.88,233.60000000000002
1569.9069999999997,112.6
1355.1040000000003,92.6
2638.597,172.7
5405.2519999999995,339.1
5081.6630000000005,356.29999999999995
2484.2380000000007,161.59999999999997
1565.9170000000004,106.60000000000001
3272.667,237.2
3105.9939999999997,182.4
779.017,60.2
3592.0269999999996,192.20000000000002
4494.93,333.30000000000007
2625.248,180.10000000000002
5263.072999999999,371.00000000000006
3012.492,200.89999999999998
3330.219,256.3
2423.604,246.4
4271.7609999999995,315.59999999999997
4726.082000000002,331.79999999999995
3414.8530000000005,243.99999999999994
3529.481999999999,209.29999999999998
4115.573999999999,279.50000000000006
2733.8540000000003,199.90000000000003
4953.148000000001,320.80000000000007
3144.5629999999996,232.49999999999997
5943.920999999999,397.6000000000001
1997.4610000000002,133.90000000000003
1910.7269999999999,133.0
3341.427,239.39999999999998
3589.1929999999993,241.80000000000004
4930.772999999999,348.4000000000001
3689.3959999999997,244.29999999999998
5862.548000000001,443.5
3991.33,296.3000000000001
1411.4229999999998,104.6
1301.081,90.89999999999999
3782.735999999999,231.99999999999997
5538.242000000001,399.9999999999999
1244.37,92.89999999999999
3253.465,213.0
3875.8570000000004,273.59999999999997
791.31,57.0
3617.0040000000004,257.0
2162.5150000000003,148.8
3953.514,275.4
1407.2089999999998,91.70000000000002
3531.405999999999,229.09999999999994
2239.1169999999997,147.29999999999998
3001.259,214.5
3250.0860000000002,229.39999999999998
1721.0429999999997,114.90000000000002
1702.6580000000001,126.00000000000001
3325.759999999999,240.39999999999998
4532.013,329.1000000000001
679.178,44.60000000000001
1634.817,119.10000000000001
2189.1369999999997,162.0
2047.6309999999999,141.0
1718.446,114.8
1934.5780000000002,122.3
454.14599999999996,29.6
3746.085000000001,263.49999999999994
4683.178999999999,310.30000000000007
2137.604,155.70000000000002
812.4749999999999,60.0
4954.439,333.0000000000001
4096.793,287.5
5525.188999999999,389.69999999999993
1646.8740000000003,106.2
2153.9219999999996,143.3
3890.7959999999994,287.40000000000015
5253.216999999999,368.19999999999993
2972.488,194.40000000000006
4118.083999999999,300.3999999999999
3324.6720000000005,232.00000000000003
4270.696,307.0
394.70000000000005,29.5
4867.133,342.49999999999994
1226.5819999999999,112.69999999999999
1540.027,100.10000000000002
4006.4720000000007,288.3999999999999
2567.9590000000007,174.39999999999998
3458.732000000001,244.99999999999994
4018.437,296.4
4018.437,296.4
3218.8950000000004,215.6
2757.3809999999994,201.1
2223.61,138.2
1267.8569999999997,82.49999999999999
2243.1530000000002,149.89999999999998
4616.03,236.70000000000005
381.24199999999996,26.599999999999998
3272.9530000000004,318.69999999999993
1831.4189999999999,121.99999999999999
780.884,53.0
5078.9580000000005,361.0999999999999
1558.3810000000003,103.7
3798.4049999999997,248.59999999999994
2405.291,169.7
3551.857,253.59999999999997
1384.148,90.4
2127.22,192.29999999999998
1055.421,99.50000000000001
2501.931,184.29999999999998
5567.729000000001,355.5
4778.638999999998,318.5
3781.2099999999996,252.00000000000003
1653.5829999999999,110.00000000000001
1954.5930000000003,133.9
3243.8759999999997,203.8
1789.833,132.9
2187.9620000000004,152.80000000000004
5134.405999999999,310.20000000000005
3781.6330000000003,271.1
1043.357,69.7
3842.2999999999997,240.8
2184.0639999999994,154.50000000000003
919.7819999999999,66.9
3282.5780000000004,252.1
2037.4940000000001,166.70000000000002
3158.2800000000007,218.79999999999998
3593.3950000000004,249.49999999999994
2650.0499999999997,211.20000000000005
303.308,19.7
1820.6490000000001,135.9
722.402,46.800000000000004
1454.901,99.19999999999999
4680.89,307.09999999999997
5297.988999999999,481.49999999999983
1201.073,78.2
4151.754,282.70000000000005
4142.823,291.9999999999999
3562.903,199.6
2638.2780000000002,179.20000000000002
4469.680000000001,278.0
3789.108,275.5999999999999
2775.591,211.9
3231.1569999999992,229.19999999999996
1615.698,113.69999999999999
1515.758,108.70000000000002
1771.5869999999998,115.90000000000002
690.146,48.5
1281.445,85.09999999999998
2700.5510000000004,198.19999999999996
1832.912,120.89999999999998
495.868,34.8
2679.392,209.39999999999998
2553.2679999999996,194.20000000000005
4711.664000000001,330.80000000000007
2299.544,148.2
4154.562000000001,296.1
1615.2409999999998,122.29999999999998
2393.392,157.70000000000005
408.02599999999995,27.999999999999996
4220.9259999999995,299.70000000000005
4572.710999999999,327.5000000000001
4652.035999999998,335.6999999999999
5635.056999999999,371.3999999999998
1414.0330000000001,108.39999999999999
2630.4280000000003,166.20000000000002
417.55099999999993,30.2
2773.0669999999996,199.90000000000003
500.352,32.6
3170.507999999999,219.6
3171.2319999999995,209.30000000000004
3163.4000000000005,207.7
2216.985,153.80000000000004
2545.0970000000007,178.99999999999997
586.168,38.2
688.8560000000001,49.5
709.197,53.199999999999996
2872.4589999999994,187.70000000000002
2618.4849999999988,192.60000000000002
2402.312,159.1
4818.169,319.19999999999993
4377.597999999999,315.3999999999999
4705.322,298.4
2512.038,182.49999999999997
3461.538,212.20000000000002
4829.862999999999,333.8000000000001
4086.302,266.1000000000001
3604.1229999999996,254.00000000000003
3202.448000000001,229.40000000000003
5127.626000000001,361.40000000000003
3973.2889999999993,257.09999999999997
3545.9039999999995,253.6
320.42199999999997,23.9
4095.700999999999,293.8
3661.74,239.70000000000002
1651.652,108.7
3687.1609999999996,184.60000000000002
1138.1169999999997,74.8
880.971,60.7
4699.671000000001,311.0999999999998
1467.31,98.90000000000002
2371.6639999999998,159.49999999999997
1619.3709999999999,109.80000000000001
3556.6820000000007,245.60000000000002
906.784,60.00000000000001
4312.977000000001,304.2
1014.641,79.20000000000002
2781.5130000000004,197.8
2460.6330000000003,177.4
2760.374,203.49999999999997
1913.604,128.50000000000003
1861.3460000000002,123.9
1132.665,77.89999999999999
4223.6179999999995,287.9
1175.512,76.30000000000001
6200.415999999999,435.29999999999995
736.606,52.89999999999999
1016.9639999999999,65.6
1899.4260000000002,164.3
464.038,31.900000000000006
3396.3730000000005,246.99999999999997
5058.637999999999,362.2
802.227,55.3
5146.143999999998,371.59999999999997
2733.4970000000008,175.8
4294.307,311.6
4339.466000000001,311.1
3056.7179999999994,221.0999999999999
2288.263,156.9
2509.2199999999993,228.2
4420.351,320.6000000000001
6233.097000000001,410.7999999999998
911.473,65.6
3936.401,282.50000000000006
1819.4119999999998,118.60000000000001
3783.956000000001,265.8
3097.7839999999997,226.50000000000003
630.639,42.2
2594.9970000000003,180.5
578.228,37.599999999999994
4308.358000000001,290.8
1586.5200000000002,116.39999999999999
3804.619,270.90000000000003
1340.8319999999999,93.7
2243.318,136.20000000000002
3179.3600000000006,227.20000000000005
1690.12,101.2
2119.644,142.5
2762.598999999999,199.3
3482.1170000000006,249.59999999999997
2530.5860000000007,182.1
3533.881,247.30000000000004
4203.362999999999,310.9
448.89599999999996,29.3
725.2800000000001,49.2
5069.496,343.8999999999999
5320.376,373.9
2730.955,188.60000000000002
4297.337,292.1000000000001
4600.237000000001,313.8
2515.1949999999997,163.4
2968.2869999999994,214.39999999999998
4282.478000000001,289.7
3530.681,250.5999999999999
841.8779999999998,56.1
1811.9190000000003,129.0
1060.309,69.9
3153.6040000000003,204.20000000000002
2031.7799999999995,142.39999999999995
1253.756,92.99999999999999
3788.944,253.2
2713.708,151.70000000000002
2796.6779999999994,200.49999999999997
3081.695,219.6
3729.4200000000005,258.3
3633.2749999999996,232.20000000000002
1895.8430000000003,138.2
2067.06,144.7
3001.0510000000004,208.29999999999998
1567.62,112.69999999999999
4048.583999999999,290.19999999999993
2465.9929999999995,161.90000000000003
4464.817999999999,317.99999999999994
4572.5909999999985,295.1
4840.395000000001,281.49999999999994
2749.622999999999,204.70000000000002
946.4749999999999,74.00000000000001
5582.7080000000005,393.4
2587.8109999999992,190.29999999999998
3427.3779999999997,307.0
6127.563999999999,428.7
2524.0959999999995,157.00000000000003
3020.791,196.20000000000002
2980.3259999999996,212.79999999999998
2359.9309999999996,169.10000000000002
2708.062,174.50000000000003
2869.0570000000002,195.2
3264.6909999999993,226.49999999999997
5896.198,371.2
2282.198,163.50000000000003
1080.043,70.4
4907.691,337.3
2207.1269999999995,193.2
2240.7379999999994,161.89999999999998
4699.9839999999995,333.5999999999999
2256.955,153.79999999999998
688.5749999999998,51.30000000000001
1968.089,127.10000000000001
4480.821,280.90000000000003
3740.748000000001,263.00000000000006
1966.5810000000004,228.5
4495.6089999999995,319.6
5284.433,380.3999999999999
2780.8419999999996,183.20000000000005
3558.6849999999995,260.7
4329.891,248.3
1950.2460000000003,141.79999999999998
1681.772,117.90000000000002
4761.7159999999985,313.69999999999993
965.4559999999999,68.3
1667.77,112.50000000000003
1696.01,119.19999999999999
1696.01,119.19999999999999
4745.764000000001,335.3999999999999
340.024,22.300000000000004
4821.183999999998,266.50000000000006
4900.842000000001,330.7
2021.5649999999998,141.4
2997.57,197.40000000000003
4391.182999999999,285.40000000000003
3355.3319999999994,223.20000000000002
3917.062,264.1
4234.749999999999,309.70000000000005
3166.446000000001,217.40000000000003
5004.264,463.99999999999983
1551.0540000000005,103.89999999999999
2534.9829999999997,177.4
1049.166,73.29999999999998
3409.299,241.00000000000006
4996.72,331.3000000000001
773.441,49.70000000000001
5287.584,377.7999999999999
4132.825000000001,291.79999999999995
3715.149,240.09999999999994
4253.5470000000005,302.6000000000001
1384.5950000000003,89.50000000000001
4945.392999999998,328.19999999999993
2541.4469999999997,177.80000000000007
3748.609000000001,266.99999999999994
4704.728,341.79999999999995
2542.6280000000006,188.90000000000006
2276.7219999999998,170.20000000000002
4927.183999999999,332.40000000000003
2710.157,179.89999999999998
4168.5740000000005,277.09999999999997
2644.3650000000002,179.4
2081.431,154.4
1195.019,85.19999999999999
4682.371,280.8
3981.622999999999,285.7
3910.0039999999995,262.40000000000003
4065.259,394.99999999999994
1921.355,127.7
582.9670000000001,39.6
3669.9190000000003,236.6
3163.2169999999996,223.10000000000002
3151.9100000000003,230.4
1366.5330000000001,146.9
3607.2120000000004,250.70000000000002
4664.412,329.4999999999999
3313.051,224.39999999999998
3786.2090000000003,269.4
3452.010999999999,238.4
661.345,42.599999999999994
2350.2500000000005,160.00000000000006
401.469,25.8
3676.8840000000005,266.7
1325.036,87.7
3994.082000000001,352.1
5084.753000000001,367.3000000000001
3518.2139999999995,257.7
1078.6,72.7
379.175,24.5
1557.6349999999998,104.50000000000001
1159.3600000000001,75.3
4134.719,303.3
466.03600000000006,34.699999999999996
2422.6739999999995,160.0
2248.293,136.4
732.2629999999999,47.5
2441.3889999999997,158.60000000000002
1653.203,109.89999999999998
6202.528999999999,408.6999999999997
5410.371000000002,368.3999999999999
3140.297,221.90000000000006
3176.044999999999,234.39999999999995
4039.753,271.1
1893.1530000000002,132.20000000000002
2035.882,141.70000000000002
3620.531999999999,262.9
1062.041,78.50000000000001
1668.948,110.79999999999998
3992.134,264.69999999999993
2329.663,159.5
4250.471,224.30000000000004
3736.481999999999,319.2
4479.0380000000005,324.7999999999999
3583.4610000000002,226.29999999999993
269.43,20.0
4180.036999999999,368.1999999999998
2440.9739999999993,157.3
750.8879999999999,50.3
2119.472,158.6
3668.3659999999995,261.4
4271.678000000001,295.29999999999995
623.21,43.89999999999999
1628.2800000000002,95.7
2268.0259999999994,161.9
2425.273,176.9
594.4620000000001,86.4
3796.9780000000014,270.0
3687.2719999999995,270.7
4885.116999999999,332.3
4870.922,320.8
1902.96,135.1
1663.6610000000005,123.50000000000001
4195.133000000001,299.9
3192.8490000000006,221.20000000000002
4889.075000000002,351.0
4534.407,323.2
1826.9789999999996,148.9
4795.236000000001,317.1
3831.8500000000004,273.30000000000007
5497.436999999999,393.8999999999999
244.04899999999998,15.600000000000001
3259.2019999999998,237.6
1626.658,112.20000000000002
4889.648999999999,345.89999999999986
4203.625000000001,300.5
4522.337,323.9000000000001
2935.4849999999997,211.4
3136.3500000000004,228.1
3718.3240000000005,204.89999999999998
4948.274999999999,299.40000000000003
2366.8050000000003,175.19999999999996
1058.796,71.0
346.707,26.000000000000004
2308.4410000000003,164.3
5634.428000000001,400.0999999999999
4533.334999999999,316.0
1575.14,102.89999999999999
3537.6980000000003,252.80000000000007
3801.0070000000005,267.2
1908.1350000000002,129.7
3129.844,224.79999999999995
2789.7670000000003,182.89999999999998
1855.299,123.5
5066.244,359.9
2791.3199999999997,182.90000000000006
4212.344999999999,301.69999999999993
2203.791,156.50000000000003
2076.053,216.79999999999998
2118.467,131.7
2756.0659999999993,198.30000000000004
1570.57,102.3
998.1580000000001,64.7
2406.6340000000005,170.1
1330.6020000000003,89.20000000000002
813.55,58.8
1394.575,126.2
1838.784,160.09999999999997
2069.7649999999994,141.40000000000003
1876.8290000000002,176.60000000000002
3370.836000000001,222.19999999999996
2439.1680000000006,162.99999999999997
3716.2759999999994,263.1
272.655,19.4
272.655,19.4
1788.571,119.00000000000003
2152.119,159.40000000000003
2826.707,226.10000000000002
1472.94,100.0
1407.6930000000002,97.99999999999999
3731.8470000000007,269.5
182.101,11.9
1776.3559999999998,122.00000000000001
3570.606,224.70000000000002
4177.545,286.09999999999985
1694.4759999999999,114.50000000000001
1601.25,112.3
3954.5600000000004,284.6
4377.157000000002,283.2
3518.914999999999,203.29999999999998
3724.129999999999,239.1
3724.129999999999,239.1
3829.1979999999994,240.59999999999997
3650.9660000000003,264.9
2924.943,199.40000000000003
1165.1330000000003,76.50000000000001
3547.595,265.8
5446.958,353.7000000000001
3552.412,255.1
637.693,41.5
3710.575999999999,275.9999999999999
2955.155,219.40000000000003
560.388,36.400000000000006
3929.984000000001,261.90000000000003
2238.377,145.6
1989.48,148.8
2369.8749999999995,176.7
2966.6850000000004,207.80000000000004
2982.0660000000003,245.3
2180.997,148.2
1133.823,76.30000000000001
3743.7840000000006,294.19999999999993
1257.069,86.69999999999999
2981.5970000000007,207.6
3731.379000000001,275.2999999999999
3345.866,244.0
3345.866,244.0
3038.378999999999,202.10000000000002
1950.0190000000002,122.90000000000002
1473.4639999999997,106.0
2110.2420000000006,149.0
3094.0830000000005,204.60000000000002
1309.504,88.60000000000001
1088.747,70.89999999999999
4218.5599999999995,245.20000000000002
3410.6940000000004,291.8
2835.6409999999996,148.4
1741.9119999999998,113.60000000000001
2025.6489999999994,133.1
1848.3619999999996,137.9
2486.632,164.30000000000004
1197.49,80.89999999999998
2914.205,208.39999999999998
1276.9789999999998,93.39999999999998
1276.9789999999998,93.39999999999998
1860.3449999999998,128.20000000000005
3932.855,257.90000000000003
2214.2499999999995,157.39999999999998
2240.977,156.39999999999995
3870.943,271.79999999999995
3149.9949999999994,222.59999999999994
2049.8070000000002,146.0
2425.9749999999995,171.7
3536.2110000000007,241.49999999999997
1753.654,118.80000000000001
4154.603000000001,297.0
4055.2139999999995,240.7
4284.313999999999,307.1
1227.019,91.39999999999999
1842.525,131.39999999999998
2328.6400000000003,161.99999999999997
4701.221000000001,334.29999999999995
2091.0330000000004,137.30000000000004
1454.7620000000002,157.5
1858.056,126.4
3502.6349999999993,236.4
1354.6139999999998,90.4
4859.328,344.59999999999985
3478.3469999999993,248.9
1787.2040000000002,119.80000000000001
4192.019,306.79999999999995
2058.1769999999997,141.80000000000004
2722.6639999999998,274.1
1186.296,76.3
1191.844,80.2
2993.3369999999995,193.60000000000002
1891.991,147.60000000000002
4689.899000000002,340.09999999999997
3308.6969999999997,241.8
1674.5840000000003,113.3
2893.877,194.3
2793.2750000000005,200.70000000000002
5596.513,372.8000000000001
2860.4090000000006,200.80000000000004
3991.032,283.29999999999995
4377.281,306.5999999999999
4401.554999999999,315.9
2910.1240000000003,204.29999999999998
5037.259999999998,308.29999999999995
394.27899999999994,25.9
5459.941999999999,380.79999999999984
3099.0870000000004,222.20000000000002
1697.3900000000003,119.90000000000002
1475.3780000000002,100.59999999999998
3929.237,257.90000000000003
3436.3390000000004,245.29999999999998
1326.873,98.10000000000002
4585.615,301.2
1662.9850000000001,118.9
3636.1669999999986,271.3
5224.766999999999,376.6000000000001
3778.3979999999997,258.99999999999994
5577.631,383.90000000000003
2808.292,204.8
3347.1300000000006,245.7
2982.0019999999995,183.79999999999998
2398.9579999999996,158.29999999999998
4294.147000000002,285.9
1739.0990000000002,122.50000000000001
4448.085999999999,329.8000000000002
352.553,26.1
3039.9130000000005,225.1
1139.967,79.30000000000001
4051.0070000000005,262.70000000000005
2445.843,169.6
3640.570000000001,260.70000000000005
3136.815,219.19999999999993
4438.465999999999,315.19999999999993
3775.7449999999994,248.90000000000003
3131.5280000000007,203.29999999999998
4141.411,240.1
2105.6479999999997,142.2
2073.2490000000003,198.20000000000005
3411.358,228.9
4680.857999999999,328.89999999999986
1780.3160000000003,222.00000000000003
6333.2390000000005,440.99999999999994
908.3090000000001,62.1
1479.65,112.60000000000001
1479.65,112.60000000000001
0.0,0.0
2658.065,174.69999999999996
5245.244999999999,377.09999999999997
1214.9729999999997,79.0
1178.4879999999998,76.60000000000001
2545.167,189.80000000000004
6044.992,427.1999999999999
3595.918,255.10000000000002
5939.304000000001,400.59999999999985
4450.33,286.90000000000003
3914.4780000000005,255.2
1174.638,79.9
3427.336,239.10000000000002
3049.570000000001,210.6
3815.611,257.6000000000001
1229.6279999999997,90.8
1508.611,112.10000000000001
4311.6849999999995,295.59999999999997
2829.5079999999994,188.20000000000005
4578.928,334.59999999999997
1349.408,89.5
2750.0070000000005,202.8
4397.036000000001,296.4
1911.0229999999997,127.80000000000001
1617.5049999999997,110.39999999999999
2968.0520000000006,208.20000000000002
4550.675000000001,243.5
3397.9739999999997,244.39999999999998
3374.160999999999,244.60000000000002
1355.2509999999997,95.4
4576.86,324.09999999999985
2638.1319999999996,184.6
3577.8289999999997,228.60000000000005
1588.5800000000002,117.8
2035.5,148.8
6589.901,406.0
4033.1370000000006,233.20000000000002
3096.663000000001,206.69999999999996
2230.364,164.20000000000002
2512.1960000000004,175.20000000000002
5584.244000000001,372.5999999999999
4671.383,308.3
3308.8520000000003,237.99999999999997
3215.7100000000005,204.5
1499.6850000000002,107.5
3907.765999999999,226.00000000000003
5234.692,388.40000000000003
1810.9130000000002,123.60000000000001
4080.3859999999995,291.90000000000003
965.9609999999999,64.5
3074.094,207.40000000000003
4141.222,300.9
1404.7959999999998,93.6
2155.8099999999995,157.10000000000002
1298.48,89.1
4519.728,310.49999999999994
3727.9129999999996,278.4
3061.8469999999998,219.09999999999994
1453.3210000000001,147.1
494.411,34.7
2414.2520000000004,171.89999999999998
3701.7429999999995,218.3
1736.7639999999994,122.39999999999998
4590.593000000001,310.30000000000007
4787.998,327.00000000000006
2887.032,211.79999999999998
4211.732999999999,278.8999999999999
3238.9289999999996,229.7
4811.228000000001,334.3999999999999
1599.3030000000003,112.9
3797.9829999999993,260.99999999999994
961.63,63.599999999999994
5225.317999999999,344.7
4538.475,259.1
2756.2349999999997,197.60000000000002
2413.3560000000007,155.8
3500.1240000000003,257.9
1076.378,71.7
2587.4979999999996,169.6
3725.63,276.70000000000005
3135.811,206.40000000000003
4515.937,321.4
2169.3179999999998,144.3
1839.6559999999997,126.40000000000003
4487.124999999999,277.80000000000007
4487.124999999999,277.80000000000007
4294.772,304.59999999999997
2515.247,168.00000000000003
1998.494,165.5
3805.504,254.40000000000003
3650.21,275.1
3179.3570000000004,223.70000000000002
3227.4629999999997,231.79999999999998
3814.494999999999,264.1
2026.9089999999999,134.20000000000002
1387.6539999999998,96.5
2054.809,146.6
3900.4409999999993,272.20000000000005
646.8460000000001,42.099999999999994
2002.6550000000002,149.2
1064.531,91.3
2164.438,154.1
5157.119999999999,361.2000000000001
2261.163,150.5
3211.2109999999993,216.99999999999997
4674.272,336.00000000000006
2125.0220000000004,140.7
1632.3269999999998,153.99999999999994
2915.727,214.79999999999998
5374.112999999999,363.40000000000003
2807.6400000000003,171.99999999999997
1658.104,119.10000000000001
1511.221,105.39999999999999
1188.384,79.1
383.161,25.2
4149.417,241.8
4188.301000000001,299.1999999999999
2474.0140000000006,163.40000000000003
354.128,26.4
3226.8909999999996,231.39999999999998
3347.194,273.20000000000005
3408.0749999999994,183.00000000000003
1510.9009999999998,106.8
2946.461,196.20000000000002
3574.546999999999,232.6
5023.445,359.0999999999998
1803.025,122.00000000000001
2065.1769999999997,178.39999999999998
4755.8910000000005,317.4
5540.522000000002,393.3
3989.391,266.7
2168.906,145.6
1463.113,101.80000000000003
3364.755000000001,241.4
922.9729999999998,62.0
2791.6740000000004,208.7
1268.0660000000003,86.5
4578.004,313.3
2921.3830000000003,201.40000000000003
1608.2409999999998,106.49999999999999
3503.178000000001,249.0
3773.3120000000004,275.59999999999997
2446.088,186.20000000000002
3901.3669999999997,264.49999999999994
5272.472000000001,349.3
3439.5379999999996,182.89999999999998
1769.9159999999997,117.00000000000001
3601.361,234.8
977.9549999999998,70.7
2476.7150000000006,172.89999999999995
1857.7050000000004,136.7
706.439,46.2
1837.7210000000002,123.9
1482.211,100.19999999999997
4278.37,302.29999999999995
4538.721999999999,306.1
1484.824,111.0
1558.9589999999998,115.79999999999998
2011.559,134.4
2827.2369999999996,208.99999999999997
394.348,37.8
1471.1090000000002,99.2
1501.917,111.99999999999999
0.0,0.0
4598.406,319.2
5712.566000000002,332.8
1213.8459999999998,79.89999999999999
2921.271,196.50000000000003
1781.0879999999997,126.0
4683.338999999999,295.79999999999995
4057.058000000002,293.20000000000005
3659.4330000000004,201.1
2654.709,189.6
3771.4910000000004,209.20000000000002
5772.346000000001,409.29999999999995
3295.52,225.09999999999997
1870.3139999999999,127.2
950.8110000000001,68.8
3973.504,283.99999999999994
2061.8790000000004,144.89999999999998
4141.102999999999,274.49999999999994
1232.1519999999998,84.0
989.6179999999999,63.3
4714.370000000001,255.5
727.4039999999999,56.3
5494.773,333.5
3251.767,222.60000000000002
3639.0319999999997,255.1999999999999
2902.1539999999995,187.7
4021.3410000000003,276.0
3301.816,240.29999999999998
3815.545,266.4
2385.86,168.6
427.646,27.5
3363.2860000000005,224.40000000000003
4043.5940000000005,290.8999999999999
1649.2799999999997,110.89999999999999
1446.926,94.19999999999999
3508.9440000000004,235.39999999999995
2591.7309999999998,163.79999999999998
2597.137,168.0
5034.818000000001,291.1
3030.430000000001,201.70000000000002
1056.5520000000001,68.9
2990.7180000000008,212.89999999999998
3735.991000000001,292.0
4407.9360000000015,315.8
3131.169999999999,194.79999999999998
5054.848000000001,315.90000000000003
5691.652999999999,399.69999999999993
1507.7080000000003,98.1
1872.916,130.2
2315.609,156.7
5515.7750000000015,350.1
2307.5300000000007,164.1
1139.365,83.5
4480.922,314.5
1342.935,153.89999999999998
5144.104,367.49999999999994
993.676,66.39999999999999
4115.289999999999,294.0
4957.04,325.19999999999993
3798.075999999999,258.6000000000001
3677.804,263.6999999999999
5346.179000000001,369.79999999999995
4634.015,323.59999999999997
1103.4170000000001,71.6
3369.2840000000006,237.89999999999992
1634.161,108.7
4311.612000000001,239.4
4923.460999999999,342.19999999999993
4463.913,302.8000000000001
3081.4269999999997,205.1
2716.1629999999996,182.0
2274.879,146.2
3620.3340000000003,241.39999999999995
5448.918,382.99999999999994
375.59400000000005,24.4
4774.638999999999,313.7
2839.1139999999996,205.00000000000003
2241.1240000000003,150.39999999999995
2194.9750000000004,147.60000000000002
4682.901999999997,334.99999999999994
735.32,53.099999999999994
2842.921,203.1
2889.8970000000004,262.0
3006.193,214.79999999999995
2496.9559999999997,174.00000000000003
3514.2039999999997,231.89999999999998
1745.771,127.6
4990.368000000001,351.20000000000005
3677.2979999999993,275.59999999999997
1180.517,84.50000000000001
1205.292,85.30000000000001
1773.1639999999998,212.10000000000005
997.8109999999999,65.60000000000001
4681.723999999999,331.0999999999999
2967.9969999999994,218.20000000000005
2726.8749999999995,200.60000000000008
2429.5940000000005,169.30000000000004
4456.4569999999985,316.09999999999997
3364.7309999999998,242.79999999999998
789.4599999999999,51.199999999999996
1211.261,81.1
1315.024,86.2
2786.1880000000006,200.0
2288.9399999999996,158.9
4721.6280000000015,338.2
3676.242,261.90000000000003
1615.0040000000001,122.89999999999999
6127.535,411.59999999999997
2465.9069999999997,166.5
3111.072000000001,225.7
4635.303000000001,326.9999999999999
3192.1240000000003,221.7
3891.8369999999995,286.2
3468.16,246.1
4453.079000000001,314.5
1082.6879999999999,71.8
957.023,66.7
3216.5570000000002,211.70000000000002
2110.555,148.49999999999997
3115.166,210.2
2250.418,147.40000000000003
2197.249,129.20000000000002
5155.879000000002,370.49999999999994
6389.811,422.6999999999999
2749.1639999999998,199.50000000000003
580.143,43.50000000000001
3070.39,218.60000000000008
4176.153,284.40000000000003
740.351,48.0
1987.0970000000004,170.8
448.252,33.3
4001.8080000000004,283.5999999999999
5338.899999999999,383.4
3046.743,217.19999999999996
3694.3369999999995,209.3
1531.572,111.69999999999999
3707.8140000000008,259.70000000000005
638.1020000000001,41.4
3382.303999999999,306.3
2559.575,179.10000000000005
4946.1720000000005,282.40000000000003
1317.0070000000003,85.0
5119.475000000002,359.0
2859.5129999999995,200.8
3359.697,219.3
3221.345999999999,221.79999999999998
3894.8759999999993,277.90000000000003
3414.1759999999995,255.8
1907.066,127.20000000000002
4308.173,298.0
3027.874,221.8
2103.567,145.9
5285.643999999998,357.9000000000001
106.50399999999999,18.9
4238.195,299.4
4487.822000000001,314.09999999999985
3457.2590000000005,207.7
3562.218,284.7
2036.035,145.9
2807.493,192.10000000000002
4685.003000000001,332.69999999999993
3898.2419999999993,276.70000000000005
3475.9829999999997,227.7
4594.602,327.8999999999999
2930.261,203.40000000000003
1862.837,132.0
3374.633,243.79999999999995
3374.633,243.79999999999995
2235.5969999999998,148.4
4102.439000000001,289.2000000000001
3042.6929999999993,211.5
2117.264,150.39999999999998
3349.2809999999995,267.8
3349.2809999999995,267.8
4478.31,303.90000000000003
4650.236,332.3000000000001
1931.5009999999997,142.39999999999998
4522.428000000001,305.0
3174.823,227.29999999999998
2659.3279999999995,198.79999999999998
1466.0240000000001,97.6
2504.6739999999995,180.00000000000006
3195.4390000000003,226.59999999999997
1294.495,91.6
2457.153,164.6
1913.3759999999995,125.30000000000003
1801.2419999999997,116.5
2818.0969999999993,181.1
2228.27,167.2
3337.5440000000003,235.49999999999994
4213.039000000001,280.8999999999999
2605.306,177.79999999999998
3678.2989999999995,250.10000000000005
2576.1709999999994,181.30000000000004
2331.763,152.59999999999997
2647.068,190.6
4009.5869999999995,221.8
3055.4099999999994,199.9
979.478,77.19999999999999
1307.2069999999999,86.69999999999999
1060.071,68.5
3502.093,271.5
3940.219,285.70000000000005
4102.177,293.9
4798.769,336.59999999999997
3397.919,247.79999999999998
2490.099,159.39999999999998
3231.069,231.7
1316.737,85.3
5802.114,414.7
0.0,0.0
4364.756000000001,313.19999999999993
3395.71,231.2
1448.744,101.70000000000002
1906.3419999999999,141.00000000000003
4163.658,304.9
5264.9929999999995,339.3
1414.355,99.30000000000001
2808.702,230.29999999999998
5085.624000000001,366.2
2096.564,162.4
1415.0230000000001,91.7
2190.4950000000003,155.0
3417.5539999999996,242.89999999999995
3832.787,275.20000000000005
3292.9619999999995,221.10000000000002
1984.7219999999998,140.6
2732.468,196.1
3453.8909999999996,282.3
3520.431,258.20000000000005
1333.762,88.3
1146.893,84.10000000000001
4433.584000000001,366.09999999999997
1614.552,113.3
1685.9970000000003,121.0
1611.9519999999998,119.19999999999999
2091.266,144.4
3297.2700000000004,233.29999999999998
2077.37,124.10000000000001
2715.7609999999995,177.1
3992.682000000001,277.1
3753.2850000000003,266.49999999999994
3731.474,266.8999999999999
3442.8470000000007,225.49999999999997
4026.6839999999997,288.1000000000001
1844.249,119.60000000000001
1894.93,135.40000000000003
1651.339,111.3
4204.726,286.8
3902.1820000000002,277.9
5044.112999999999,338.4
4217.041000000001,290.59999999999997
395.446,26.700000000000003
3853.073000000001,304.7
2322.672,165.5
1265.19,90.2
1269.396,82.7
1725.186,112.00000000000003
3428.898000000001,244.89999999999998
1554.993,104.7
648.891,46.099999999999994
614.238,40.800000000000004
3649.15,261.90000000000003
3175.6309999999994,191.29999999999998
3078.452,209.6
4038.568,272.8999999999999
3001.705,215.89999999999998
1980.6289999999997,128.7
3170.839,249.79999999999998
2828.692,202.79999999999998
1415.3310000000001,94.80000000000001
2148.6440000000002,144.60000000000002
1180.9409999999998,87.9
5026.272000000002,365.7999999999999
3371.8830000000007,233.7
1271.386,82.89999999999999
1175.04,82.40000000000002
3204.603000000001,221.99999999999997
4937.0689999999995,355.69999999999993
4618.230000000001,291.49999999999994
2867.4880000000003,201.10000000000002
1150.66,81.60000000000001
2045.2540000000001,143.80000000000004
3573.775,199.79999999999998
5219.267,367.09999999999997
1827.3799999999994,178.79999999999998
2220.7619999999997,160.39999999999998
4058.379,286.6
3023.19,212.9
2734.4409999999993,201.49999999999997
2526.313,185.60000000000002
3069.971,204.39999999999995
6291.905999999999,370.8
3154.0170000000007,230.4
4820.092000000001,346.5999999999999
1584.627,106.9
1311.8179999999998,91.9
451.94,30.700000000000003
1176.3020000000001,80.29999999999998
1935.7109999999998,118.0
6471.491,415.9
943.512,60.30000000000001
5454.454000000001,387.2999999999999
1942.334,130.0
3171.052,233.3
4421.275,299.1
4187.525000000001,298.70000000000005
5947.7260000000015,429.59999999999997
3933.6050000000005,225.79999999999998
1303.064,87.1
1502.906,103.3
4187.348,291.90000000000003
5052.544999999999,336.4
3501.6330000000007,241.4
4003.948,226.8
2912.8189999999995,196.00000000000006
4842.203,330.30000000000007
3143.4530000000004,214.00000000000003
1658.5649999999998,121.89999999999999
4336.2880000000005,313.60000000000014
4982.568999999998,330.3
3566.8640000000005,195.3
5726.219999999999,374.80000000000007
5245.814,380.29999999999995
3730.943,253.29999999999998
3345.8360000000002,227.39999999999995
2992.9250000000006,195.8
3631.525999999999,257.8999999999999
2324.3149999999996,161.3
1515.3239999999998,100.89999999999999
1761.1100000000004,113.90000000000002
1111.042,72.10000000000001
2085.2590000000005,152.1
4230.536999999999,247.0
1616.8090000000002,117.10000000000001
682.233,44.5
5054.679,352.9
3045.4820000000004,227.59999999999997
3352.504,219.8
2217.9139999999998,149.8
3020.7740000000003,221.79999999999998
3740.5189999999984,276.70000000000005
674.8349999999999,44.800000000000004
4579.045,350.4
3947.610999999999,284.8000000000001
5187.674999999997,366.59999999999985
3287.826,214.89999999999992
2230.429,143.6
2645.4809999999998,187.39999999999995
1431.6490000000001,101.9
1378.577,106.69999999999999
3582.123999999999,244.39999999999998
3263.6900000000005,263.2
2440.162,216.2
1330.2920000000004,85.89999999999999
3998.2940000000012,284.4
4075.1690000000012,293.19999999999993
2914.0250000000015,301.5
1799.0510000000002,118.5
1799.0510000000002,118.5
1486.799,107.80000000000001
3718.547,267.90000000000003
2066.695,154.4
3584.4509999999996,261.0000000000001
1932.4460000000001,128.8
3735.132,247.49999999999997
3194.5489999999995,230.2
4705.353999999999,345.3
3468.567000000001,260.6
615.7389999999999,45.9
3077.433,226.0
3019.273,220.50000000000003
3360.2149999999997,245.20000000000007
1829.469,204.9
769.1490000000001,52.2
3566.0440000000003,241.50000000000003
4659.061000000001,333.8
3114.826,232.3
4152.582,271.4
3719.0490000000013,248.6
2397.2149999999997,161.90000000000003
1513.1619999999998,103.99999999999999
1325.2990000000002,97.30000000000001
701.521,48.099999999999994
4599.668000000001,314.4000000000001
722.4360000000001,46.9
2088.369,151.5
4926.98,303.40000000000003
501.548,36.2
3484.977,233.09999999999997
3676.1029999999987,244.6
3961.7350000000015,286.20000000000005
2678.5779999999995,180.3
724.348,49.4
3093.739,165.00000000000003
2922.318,190.59999999999997
5281.186999999999,366.20000000000005
3607.1780000000003,247.70000000000005
2548.246,160.50000000000003
4961.085000000001,350.40000000000003
4004.628,293.4
3834.195,275.49999999999994
3208.5699999999993,292.50000000000006
2304.131,171.90000000000003
2668.3219999999997,177.30000000000004
4159.107,289.40000000000003
5778.3290000000015,381.20000000000005
2271.59,159.79999999999998
3393.7769999999987,247.79999999999998
2279.366,162.6
3964.949,272.7
4888.0650000000005,345.49999999999994
3865.55,271.79999999999995
3874.112,264.7
2535.5679999999998,186.5
4791.295,345.5
2531.8060000000005,169.4
1733.359,127.0
4007.075,292.9
1746.7359999999999,126.90000000000002
3192.951,223.70000000000002
5665.64,367.9
4997.786000000002,356.29999999999984
4170.803,295.0
2017.5439999999996,139.7
5555.616999999999,400.40000000000003
2813.4309999999996,175.7
1128.6350000000002,73.9
3800.918,258.69999999999993
4932.485999999999,348.00000000000006
3491.986,255.39999999999995
1901.705,127.19999999999999
280.661,16.0
4225.655000000001,275.0999999999999
4900.370999999999,266.9
3777.479000000001,280.8
3390.7389999999996,246.90000000000006
3390.7389999999996,246.90000000000006
5451.771,391.79999999999984
2154.798,143.6
3999.2260000000006,271.5
514.402,36.3
2637.7740000000003,170.30000000000004
1723.1269999999997,122.69999999999999
3625.807,256.59999999999997
3742.3730000000005,251.00000000000006
4746.6849999999995,311.8
3374.8179999999998,243.39999999999998
1870.1870000000001,125.80000000000001
4844.213000000001,319.59999999999997
2816.5640000000003,182.0
2334.802,164.00000000000003
5035.785999999999,314.1
723.5369999999999,47.9
3251.3039999999996,236.80000000000007
3572.973,248.2
3713.345,232.1
3109.4439999999995,200.1
1221.039,79.30000000000003
2274.983,150.79999999999995
6201.507000000001,409.8999999999999
3541.5739999999996,246.0
5031.9890000000005,361.69999999999993
2811.181,203.49999999999994
2391.9240000000004,155.10000000000002
3829.3739999999993,324.99999999999994
2304.6510000000003,154.6
3470.0369999999994,270.1
3325.853000000001,230.20000000000002
1645.1180000000002,224.0
2527.002,166.00000000000003
5194.897000000002,306.4000000000001
5949.596999999999,394.99999999999983
1413.049,92.30000000000001
2601.09,187.80000000000004
4832.0109999999995,345.5
252.74300000000002,18.0
468.63599999999997,31.799999999999997
1595.817,111.79999999999998
4515.305,320.0
3370.2080000000005,240.6
4033.446,284.1
2062.81,138.70000000000002
2111.3519999999994,153.9
2111.3519999999994,153.9
4134.3629999999985,370.1
1177.365,76.19999999999999
1233.4460000000004,80.4
4858.524,345.00000000000006
2327.1279999999997,164.89999999999998
2446.832,197.6
2086.717,137.7
1401.8849999999998,100.1
5845.0819999999985,388.6
1543.005,102.4
1931.472,150.19999999999996
2757.6609999999996,205.7
2522.8369999999995,166.29999999999998
918.4359999999999,68.4
5634.16,377.8999999999999
2144.1980000000003,142.9
3055.8770000000004,214.59999999999994
2088.335,156.4
1323.029,95.8
4793.115,341.59999999999997
1650.076,108.60000000000001
323.636,21.0
1565.847,110.0
3204.288,212.29999999999995
4359.7300000000005,288.59999999999997
1517.9549999999997,99.0
1722.3900000000003,110.9
1722.3900000000003,110.9
4725.482,340.20000000000005
2630.355,171.39999999999998
2742.4030000000002,178.59999999999997
518.615,34.7
4262.995000000001,289.50000000000006
5856.925,396.3
644.304,46.0
1025.941,68.6
3680.2239999999997,267.5
2505.388,250.99999999999994
3417.4769999999994,262.20000000000005
989.23,68.80000000000001
1722.7110000000002,107.80000000000001
6553.566,442.2999999999999
2213.038,235.10000000000002
1725.9669999999999,121.5
4037.495,259.4
4096.204,289.59999999999997
2585.544,177.10000000000002
5505.862000000001,397.7999999999999
1599.662,113.3
4675.5790000000015,329.5999999999999
1965.4149999999997,138.60000000000005
1477.938,108.80000000000001
2873.971,199.7
1628.1020000000003,105.20000000000002
2757.456,187.7
2832.3099999999995,198.90000000000003
1954.48,218.4
1896.6799999999998,139.4
914.5530000000001,60.79999999999999
2524.2719999999995,170.19999999999996
3285.4920000000006,231.7
1754.942,120.8
4437.532,265.70000000000005
3878.828,268.19999999999993
1930.96,139.10000000000002
6256.967000000001,443.0999999999999
1224.043,79.70000000000002
3426.59,243.10000000000005
2311.0519999999997,162.19999999999996
2150.4320000000002,149.5
2227.535,163.89999999999998
2008.4410000000003,129.6
3110.499,213.59999999999997
751.962,52.2
4228.049999999999,294.8
2329.7259999999997,159.49999999999997
900.0719999999999,63.400000000000006
4533.256000000002,295.59999999999997
3094.13,224.50000000000006
1265.3110000000001,86.60000000000001
4222.9130000000005,294.5
2989.7780000000002,207.70000000000002
4602.3600000000015,309.4
3360.139,240.79999999999998
2578.224,163.9
4473.4259999999995,307.5
2033.415,131.9
4723.209000000001,335.99999999999994
1092.4259999999997,73.3
2525.754,189.59999999999997
3365.518000000001,230.0
1837.5950000000003,123.4
3229.698,223.99999999999994
577.4110000000001,39.4
2020.403,141.7
255.56799999999998,16.6
3798.6820000000002,270.70000000000005
2446.4489999999996,177.7
2603.501,180.19999999999996
2966.5010000000007,218.99999999999997
1482.7699999999998,104.50000000000001
1323.2839999999999,97.3
3280.268,240.7
3832.7409999999995,267.30000000000007
3198.041000000001,256.09999999999997
3610.316000000001,245.60000000000005
5220.081,345.2
4680.058,322.7
2600.183,202.49999999999997
1759.3359999999998,116.80000000000001
2416.202,152.0
2088.111,155.7
2859.716000000001,187.3
3652.875,344.2999999999999
1388.0339999999999,97.50000000000001
3637.1150000000002,239.20000000000002
1716.177,163.7
1756.665,124.79999999999998
3282.344000000001,221.1
1456.8120000000001,95.6
3300.992,236.00000000000006
2040.9779999999998,136.10000000000005
1868.8659999999998,123.79999999999997
2017.794,129.30000000000004
442.92499999999995,31.500000000000004
3788.299,277.09999999999997
794.953,58.199999999999996
4898.798999999998,346.70000000000005
2280.6580000000004,164.9
1500.4370000000001,98.9
3371.5060000000003,240.20000000000002
1743.462,117.1
3027.924,196.80000000000004
1516.4299999999998,102.69999999999999
4580.480000000001,293.3
3359.6690000000003,231.5
2112.636000000001,139.3
3648.3799999999997,242.40000000000003
1013.7729999999999,81.5
3289.3109999999997,244.0
691.3829999999999,50.50000000000001
5820.250999999998,376.3
3579.9619999999995,228.20000000000002
1240.2640000000001,85.0
3522.1929999999993,255.60000000000002
1944.394,148.2
4061.9910000000004,236.20000000000002
4250.093,309.2000000000001
4453.549999999999,306.69999999999993
1438.359,102.10000000000001
4769.907,258.6
3121.714,234.49999999999997
3337.769,242.89999999999995
1789.625,131.20000000000005
3319.8959999999997,238.60000000000002
1590.3049999999998,116.50000000000001
3784.842,275.30000000000007
2300.8340000000003,171.60000000000005
3185.1469999999995,205.99999999999994
2164.299,168.29999999999998
2955.2989999999995,202.0
1524.8029999999999,113.89999999999999
2806.611,226.70000000000005
3697.9210000000003,260.2
2598.9100000000003,185.3
2598.9100000000003,185.3
2639.0820000000003,191.20000000000002
3121.6300000000006,258.00000000000006
700.8209999999999,45.6
986.5030000000002,64.2
4540.341,285.40000000000003
616.239,46.0
4292.7660000000005,308.9999999999999
4415.034,312.9000000000001
4810.463999999999,316.49999999999994
4467.007,391.1
2778.1159999999995,211.1
3624.41,267.4
3591.6249999999995,243.7
2352.7400000000007,147.4
332.268,21.6
4174.892,259.69999999999993
1229.6090000000002,90.80000000000001
1360.625,88.5
2268.163,168.0
2412.935,166.00000000000003
3222.8420000000006,276.5
780.0159999999998,55.00000000000001
3659.1560000000004,230.79999999999995
4593.141000000001,331.7999999999999
2380.5259999999994,172.99999999999997
2907.8779999999997,213.7
4092.861999999999,297.3000000000001
3680.696000000001,263.1
1219.623,145.39999999999998
1736.8879999999997,121.00000000000001
6092.928,426.4
2517.13,172.50000000000003
4075.113,270.4000000000001
4682.259999999998,324.1000000000001
4171.3589999999995,291.5
3928.694,258.70000000000005
3574.0370000000007,245.7
2532.068,167.8
3834.5150000000003,265.5
4591.236999999999,316.8
2585.6569999999992,170.29999999999998
4584.486,267.3
2136.052,138.60000000000002
2412.4109999999996,159.39999999999998
3829.013,278.3000000000001
3792.8809999999994,269.7
432.61400000000003,28.6
1762.608,117.6
3187.1359999999995,234.8
1763.2519999999995,116.50000000000001
3596.8909999999987,241.8
1554.558,100.20000000000002
833.7320000000001,58.4
2826.0879999999997,185.99999999999997
2774.6390000000006,184.30000000000004
4287.170999999999,302.1
1971.0259999999998,140.79999999999998
2006.2309999999998,137.0
5030.0700000000015,361.6999999999999
2754.194,190.70000000000002
3094.2290000000003,212.89999999999998
3997.318000000001,282.8
1332.1109999999996,96.1
2696.424,184.79999999999998
2621.693,184.49999999999997
2491.648,173.20000000000002
2333.169,158.29999999999995
1668.6340000000005,122.60000000000001
3371.035,228.79999999999998
3418.254000000001,241.19999999999996
1378.2930000000001,93.0
4247.249,308.0999999999999
3733.761999999999,265.9
2468.534,174.20000000000002
3262.2630000000004,232.00000000000003
1732.4370000000001,152.5
1517.082,102.60000000000001
2556.6959999999995,172.90000000000003
2659.748,191.50000000000003
2618.343999999999,168.09999999999997
3212.306000000001,270.59999999999997
2339.466,156.00000000000003
1934.0090000000002,133.8
2923.642999999999,188.40000000000003
3066.442,295.7
3803.7519999999995,271.6
2160.4069999999997,142.29999999999998
2257.6339999999996,150.29999999999998
3770.9200000000005,270.40000000000003
3981.8830000000003,277.3
966.9760000000001,70.2
4551.641,325.8999999999999
584.867,39.7
4535.799,300.5
3150.7449999999994,245.2
5477.832999999998,373.30000000000007
2614.8070000000002,190.29999999999998
2991.636,203.99999999999997
5300.037,361.1
4672.002,299.6000000000001
5054.8420000000015,362.6000000000001
1223.4809999999998,81.69999999999999
3737.0,279.59999999999997
3924.9089999999997,285.29999999999995
599.751,42.800000000000004
4025.438,229.8
1750.3430000000005,125.1
3825.659,275.20000000000005
2259.887,160.50000000000003
3920.265999999999,276.7
919.7059999999998,67.0
3175.9370000000004,200.59999999999994
2695.842,181.6
2838.893,187.39999999999998
3841.0029999999997,264.5
2678.0530000000003,189.90000000000003
3684.0820000000003,207.90000000000003
2653.2880000000005,182.5
3108.434999999999,225.3
4943.875000000003,357.5999999999999
4758.3870000000015,333.6
2319.223,169.1
2319.223,169.1
1069.4620000000002,69.5
3028.6949999999997,219.20000000000002
3971.6870000000013,286.8
2811.2230000000004,185.20000000000002
3644.0909999999994,234.79999999999998
1548.7289999999996,110.29999999999997
3777.239,364.5999999999999
3446.482,246.20000000000007
1806.878,123.0
2812.8739999999993,203.6
1280.778,87.39999999999999
5882.127999999999,339.1
3910.4409999999993,286.1000000000001
1848.1549999999995,120.4
1623.1739999999998,112.89999999999998
3736.136,271.09999999999997
4716.371999999999,295.3
889.3570000000001,57.800000000000004
3066.9980000000005,205.3
3317.181,217.59999999999997
4287.067,305.5
1221.1390000000001,90.79999999999997
2267.4030000000002,109.9
2584.366,203.1
2481.356,180.5
1350.225,87.80000000000001
2892.438,190.00000000000006
4891.938,354.4
4159.804999999999,296.1
3544.4140000000007,234.30000000000004
1895.6430000000005,125.10000000000004
3793.5319999999992,279.90000000000003
3547.3480000000004,274.09999999999997
400.82800000000003,29.299999999999997
3322.462000000001,235.79999999999998
830.39,55.49999999999999
1695.742,122.8
2014.7459999999996,146.59999999999997
1188.897,79.2
1124.6719999999998,82.3
2472.5779999999995,182.49999999999997
1074.0649999999998,76.8
1552.6090000000002,108.10000000000001
1408.1750000000002,91.5
1815.468,135.90000000000003
4029.1640000000007,283.9
1955.023,129.60000000000002
3214.681,234.49999999999994
3892.3739999999993,277.4
2114.046,143.6
6232.038999999998,401.0
2809.6190000000006,189.0
2123.9970000000003,137.3
2135.311,196.49999999999997
3357.5540000000005,239.69999999999996
1330.0040000000001,71.7
1330.0040000000001,71.7
5677.1810000000005,399.49999999999994
1881.1100000000004,125.09999999999998
4148.736000000001,246.90000000000006
2655.0159999999996,196.29999999999998
3291.7879999999996,234.29999999999995
3239.1220000000003,218.99999999999997
2161.806,142.20000000000002
2866.1440000000002,177.3
2541.7579999999994,204.09999999999994
3605.67,227.50000000000003
4835.429,332.80000000000007
867.2579999999998,59.1
1531.172,100.5
3527.5560000000005,245.70000000000002
5076.683,317.09999999999985
1825.2999999999997,124.70000000000002
2233.1150000000002,139.60000000000002
2214.432,147.6
4249.1669999999995,306.7999999999999
1794.6020000000003,132.7
3671.4260000000004,265.40000000000003
2224.951,149.4
4815.754000000001,342.2
1888.869,138.9
2605.0399999999995,175.20000000000007
4527.079000000001,256.7
4393.865,316.30000000000007
1527.1469999999997,113.1
1921.3480000000002,140.70000000000002
4239.332,307.2000000000001
1116.269,79.7
1643.257,122.8
3144.257999999999,232.50000000000006
4081.511,269.9
2113.549,154.3
1239.619,82.00000000000001
3864.4619999999995,276.70000000000005
2432.374,173.9
2620.1240000000003,189.19999999999993
3875.7019999999998,253.99999999999997
1375.1530000000002,102.5
3321.7569999999996,237.20000000000005
166.06099999999998,10.8
3668.855000000001,246.2
3638.237,255.29999999999993
1596.1629999999998,108.50000000000001
1591.0780000000002,110.2
4582.196,387.5
4961.466,356.3
379.553,24.7
1123.628,77.29999999999998
2255.331,148.40000000000003
2461.101,169.7
4305.722,302.09999999999997
1877.13,130.9
3745.366,242.79999999999993
2019.4169999999995,136.30000000000004
3239.253,236.99999999999994
2156.703,152.7
642.4159999999999,45.8
5061.821000000001,355.5
4652.293,329.9999999999999
1603.9740000000002,104.89999999999999
3516.238999999999,335.50000000000006
3437.47,245.9
3991.482,290.99999999999994
2012.953,146.1
2389.5220000000004,159.10000000000002
3534.7310000000007,242.70000000000002
1088.547,72.4
2038.6309999999999,133.2
1704.5929999999998,127.89999999999998
5047.541,355.00000000000006
4109.120000000001,268.69999999999993
3522.099999999999,242.7
3272.2760000000007,227.50000000000003
3111.7709999999997,196.8
2869.1200000000003,193.50000000000003
3290.9279999999994,241.6
4271.005,290.99999999999994
3383.4139999999993,246.20000000000002
3882.6569999999992,265.3
4670.542000000002,339.5999999999999
5271.296999999998,348.99999999999994
5030.513999999999,333.1999999999999
3601.3990000000003,230.50000000000003
1740.4550000000002,118.60000000000001
3604.705999999999,271.79999999999995
1345.182,169.69999999999996
3682.347999999999,236.70000000000007
441.475,31.5
2410.392,171.7
4125.3279999999995,280.00000000000006
1613.9299999999998,111.30000000000001
3329.1340000000005,244.0999999999999
282.159,21.0
5896.636999999999,385.3
1704.3440000000005,111.4
3872.1659999999997,272.00000000000006
1407.9850000000004,105.0
2712.9159999999997,178.9
5346.243,357.0999999999999
4512.788,324.3999999999999
5134.334000000001,428.59999999999997
1309.8389999999997,86.4
1477.921,90.7
4250.348,299.79999999999995
994.2540000000001,74.1
3714.8239999999996,263.30000000000007
5322.8099999999995,370.40000000000003
3416.8549999999996,180.00000000000003
3040.1760000000004,215.49999999999991
2488.5730000000003,183.8
1974.9319999999998,151.2
4085.4840000000004,294.60000000000014
14.533,1.1
2704.5510000000004,201.99999999999997
4550.6230000000005,308.4
1873.138,139.7
1370.3140000000003,94.80000000000001
1093.1410000000003,73.7
4958.812000000001,367.80000000000007
4805.2159999999985,281.9
2478.8929999999996,177.79999999999998
3236.247,207.69999999999996
3236.247,207.69999999999996
3318.224000000001,231.59999999999997
3723.4780000000005,263.2
2248.2930000000006,149.90000000000003
5522.147000000001,384.80000000000007
3771.1349999999984,271.09999999999997
2631.3250000000003,188.29999999999998
4386.762,594.4999999999999
4626.709000000001,331.7
2425.8080000000004,148.3
4384.259000000001,307.4
4543.971999999999,240.40000000000003
4672.963000000002,315.0
1412.5470000000003,103.39999999999999
835.8539999999999,54.29999999999999
400.715,26.099999999999998
3270.8290000000006,239.9
4012.729999999999,265.5
3328.268,232.4
1824.5849999999998,127.40000000000002
1527.4579999999999,109.0
3559.2039999999993,241.60000000000002
2438.164,167.5
4652.065,289.7
1172.616,83.19999999999999
4185.236000000001,296.30000000000007
3228.6630000000005,156.5
3377.573,242.4
2823.778,282.40000000000003
587.533,41.9
4365.647,317.9000000000001
1618.4330000000002,105.4
3386.8689999999997,232.50000000000003
2777.006999999999,195.60000000000002
4061.3280000000004,294.5
4608.704999999998,314.30000000000007
3313.4830000000006,234.70000000000002
2187.437,141.7
2568.7229999999995,270.29999999999995
3392.2989999999995,233.99999999999997
4466.498,317.09999999999997
5038.777,404.59999999999997
2774.2690000000002,196.1
2189.694,152.39999999999998
1029.4959999999999,76.19999999999999
3674.6029999999996,252.09999999999997
3491.7239999999997,246.9
3414.5470000000005,254.70000000000002
4508.423000000001,308.2000000000001
3360.4879999999994,193.70000000000005
2645.8009999999995,193.89999999999998
3255.011,224.4
1688.6760000000002,122.3
1816.946,123.70000000000002
2612.2030000000004,189.20000000000005
4058.209,305.4
4216.803000000001,296.40000000000003
4218.319,301.3
1195.88,79.6
2751.343,200.70000000000005
2421.7139999999995,165.7
5197.334000000001,369.1999999999998
561.122,36.4
1239.754,86.79999999999997
4249.553,284.80000000000007
79.506,5.2
2423.7390000000005,164.7
3488.7609999999995,258.90000000000003
4039.004,271.5
4100.179000000001,288.29999999999995
260.337,17.0
2934.679999999999,255.09999999999997
3035.699,202.70000000000002
1529.224,99.99999999999999
3784.36,249.60000000000002
2883.375,242.90000000000003
4465.339,314.29999999999995
4387.594999999999,273.7
4554.184,315.99999999999994
2545.9949999999994,288.70000000000005
3857.9129999999996,253.59999999999994
5441.286999999998,359.8
2769.895,206.30000000000004
4922.326999999999,332.4
3127.3379999999993,216.8
4205.888,307.7
5968.764,383.40000000000003
1903.8419999999999,125.29999999999998
1877.529,112.5
3935.7179999999994,282.6
1846.8580000000002,137.0
2279.171,160.2
3248.187999999999,226.70000000000002
3708.015000000001,258.90000000000003
893.4279999999999,66.80000000000001
1116.7129999999997,222.7
909.699,62.39999999999999
3538.2830000000004,219.90000000000003
2498.02,162.99999999999997
1276.2989999999998,82.80000000000001
4229.588000000001,289.4000000000001
2052.6259999999993,136.39999999999998
1238.7779999999998,92.8
1939.029,143.10000000000002
2806.447,200.89999999999995
1584.2379999999998,110.60000000000001
3355.6320000000005,235.89999999999998
2135.7149999999992,145.99999999999997
2485.471,181.49999999999997
4496.098,326.90000000000003
2042.185,144.4
1459.9650000000001,94.7
1761.57,124.20000000000002
6147.05,429.7
3850.8599999999997,282.30000000000007
3139.1570000000006,208.69999999999996
3062.34,203.49999999999997
3835.829,218.5
5384.040000000001,377.79999999999995
2163.399999999999,155.19999999999993
3405.446,243.7
871.9359999999999,57.3
1560.24,110.4
3150.419999999999,226.3
2011.193,148.4
3335.021,222.49999999999991
454.971,29.4
673.1890000000001,47.199999999999996
4965.166,351.40000000000003
3091.7670000000007,213.70000000000002
2254.258,165.9
2254.258,165.9
1776.807,123.1
1513.505,103.60000000000001
2469.9359999999997,183.09999999999997
3035.325,201.40000000000003
782.0149999999999,58.2
311.091,20.3
3700.438999999999,209.1
2364.9580000000005,156.5
2364.9580000000005,156.5
5098.025999999999,343.8
5215.977999999999,354.4999999999999
2205.4459999999995,159.4
5083.888999999998,361.8999999999999
2984.8210000000004,197.79999999999998
2932.5990000000006,217.9
783.377,54.90000000000001
2357.5680000000007,173.1
1765.205,122.1
3281.4750000000004,235.90000000000003
1610.5390000000002,111.4
3038.7510000000007,200.99999999999994
4599.169000000001,313.0999999999999
1844.6209999999999,128.5
4117.057,295.7
4098.2210000000005,291.6
4089.494000000001,272.2
2337.453,163.6
3539.9449999999993,259.3
718.62,47.1
4086.4230000000007,289.7
2886.116,183.80000000000004
2698.203,217.50000000000003
4465.752000000002,322.99999999999994
4455.3910000000005,320.4000000000001
1194.787,80.2
4291.654999999999,246.5
2502.8110000000006,163.29999999999998
2734.253,201.60000000000005
4486.847000000001,289.20000000000005
2193.2169999999996,159.9
1301.801,91.7
2868.678,207.6
4030.8510000000006,292.40000000000003
4125.264,299.80000000000007
3041.309,213.79999999999998
478.66700000000003,30.800000000000004
588.7379999999999,43.1
3781.6529999999993,269.9
805.0559999999999,53.900000000000006
4858.573000000002,339.8999999999999
3332.848,239.1
4319.968,309.30000000000007
2987.1490000000003,205.50000000000003
3056.8639999999996,233.39999999999998
1839.672,137.6
3127.2019999999998,210.2
4367.216,312.9999999999999
1694.0570000000002,109.3
4942.125,333.19999999999993
939.9570000000001,67.60000000000001
939.9570000000001,67.60000000000001
5934.0,352.9
467.997,30.4
3078.141,226.20000000000007
1115.1309999999999,94.39999999999999
3654.2179999999994,260.50000000000006
4390.869000000001,296.90000000000003
1825.2830000000001,134.1
3713.4780000000005,261.29999999999995
4594.925,250.9
3858.603,285.60000000000014
2147.677,137.79999999999998
4613.4929999999995,326.0999999999999
3116.6319999999996,172.10000000000002
4082.6889999999994,299.0
3587.8120000000004,238.99999999999997
5246.687999999999,348.2
2645.2200000000007,184.20000000000002
3672.1600000000003,278.0999999999999
2304.683,164.20000000000002
2745.784,188.90000000000003
1587.608,104.39999999999998
1148.413,76.50000000000001
6553.5859999999975,449.19999999999993
6553.5859999999975,449.19999999999993
2777.2309999999998,188.5
1184.962,76.8
4849.393,349.7000000000001
3077.4890000000005,159.5
4026.1690000000003,271.99999999999994
2914.444000000001,281.3
3348.3040000000005,182.9
2772.6580000000004,171.0
3208.4230000000007,229.90000000000003
420.04200000000003,27.2
1465.2619999999997,108.99999999999999
2875.4069999999992,217.40000000000003
1076.388,80.2
2508.158999999999,175.90000000000003
3480.9160000000006,401.19999999999993
2340.829,152.2
3957.3500000000004,244.69999999999993
1245.077,80.9
2862.67,209.80000000000004
2329.0019999999995,168.2
1449.972,95.89999999999999
1977.197,145.69999999999996
1282.4530000000002,89.7
3311.6530000000002,241.3
3665.813000000001,259.90000000000003
2815.408999999999,191.99999999999997
3994.419999999999,284.1
4833.872999999999,268.70000000000005
2784.749,182.20000000000002
2998.3579999999997,190.5
4334.933999999999,259.9
4156.259,282.50000000000006
1880.6890000000003,132.70000000000002
6163.239,404.09999999999974
3056.337,216.6
5953.513999999999,317.2
3040.2620000000006,210.4
4190.057,295.5
2286.8389999999995,151.70000000000002
403.237,26.1
3614.825,268.09999999999997
250.53199999999998,16.3
2034.693,140.39999999999998
2771.49,188.8
1886.581,199.1
1867.163,134.4
3129.6569999999997,225.39999999999998
1324.3429999999998,88.39999999999998
2787.634,368.0
2138.275,147.4
3176.027000000001,229.49999999999997
4307.883,307.1999999999999
2654.0050000000006,194.20000000000007
2721.232,201.00000000000003
3895.361999999999,290.69999999999993
2193.599,170.50000000000003
3485.9810000000016,238.50000000000003
4600.558999999998,299.80000000000007
4202.817,285.1000000000001
3274.3230000000012,216.70000000000002
3159.189,224.49999999999997
710.8509999999999,47.0
3927.6349999999998,291.8
3090.0800000000004,160.3
4776.294999999999,329.2
4597.951999999999,314.3999999999999
2215.9699999999993,157.29999999999998
2215.9699999999993,157.29999999999998
2735.132,181.9
4094.4160000000006,296.3
2142.3630000000003,139.60000000000002
3212.4640000000004,214.70000000000002
4672.258000000001,302.40000000000003
3013.8799999999997,217.00000000000003
3954.669,281.6
2072.877,153.80000000000004
4020.0139999999997,357.7999999999998
3324.1190000000006,307.99999999999994
2769.273,194.40000000000003
3987.182,293.20000000000005
4068.8239999999996,294.4
3644.717,262.4
859.8879999999999,58.0
787.7530000000002,51.400000000000006
2094.393,143.9
3821.4420000000005,274.5
647.92,42.1
4260.3150000000005,291.8999999999999
930.681,63.80000000000001
1157.602,80.39999999999999
2551.6980000000003,166.4
3705.264,262.9
1565.2050000000002,101.6
1655.3939999999998,110.1
4305.630999999999,319.7999999999999
1183.593,80.49999999999997
1941.958,143.70000000000002
3173.9389999999994,226.6
2031.9490000000003,140.2
1892.6480000000001,124.99999999999997
2684.867,179.50000000000003
1415.0929999999998,98.39999999999998
4469.538999999999,319.79999999999995
3702.5069999999996,271.5000000000001
2933.879,206.6
5446.816000000002,384.90000000000003
4591.295,321.2
3782.7129999999993,275.09999999999997
2799.889,193.70000000000002
2794.032,204.00000000000006
1623.4299999999998,122.2
1351.47,89.89999999999998
2417.224,147.5
4276.706,272.3
4276.706,272.3
1501.1100000000001,135.4
4239.677,280.8
4205.420999999999,278.40000000000003
2411.3,175.80000000000004
5244.158000000001,354.7999999999999
2252.747,158.50000000000003
3053.6310000000008,206.70000000000002
4089.4809999999998,261.0
3693.8399999999997,256.9
2660.9769999999994,194.69999999999996
5062.443,358.79999999999995
3599.5049999999997,252.0
3067.3059999999996,204.0
270.3,17.6
5826.576999999998,400.0999999999999
546.615,35.5
3723.462,246.7
821.9360000000001,61.5
4657.554000000001,329.9
5512.280000000002,391.00000000000006
3658.7750000000005,246.20000000000002
2651.3979999999997,177.90000000000003
2581.3759999999997,174.5
4330.834000000001,311.90000000000003
2223.751,152.2
2929.925,192.10000000000002
758.3729999999999,49.3
4134.296999999999,301.79999999999995
1881.916,132.0
3179.4739999999997,233.90000000000003
2987.5860000000002,205.79999999999995
2754.98,197.0
2876.1359999999995,178.70000000000002
2543.205000000001,175.4
1545.7369999999999,105.5
4293.919,291.9
993.1579999999999,68.3
4461.534,302.0
2557.8859999999995,185.50000000000003
2789.415000000001,179.9
3065.5350000000003,199.1
3551.591,252.2
3415.2099999999996,235.9
3491.2860000000005,192.7
3379.1749999999993,221.70000000000005
4155.933,294.5
987.942,66.19999999999999
2697.935,177.59999999999994
1414.404,101.9
2223.611,144.60000000000002
5361.9130000000005,339.99999999999994
1686.4610000000002,111.2
5252.572000000001,371.2
2774.345,199.20000000000002
309.098,20.6
4535.979000000001,316.39999999999986
2022.8940000000002,146.3
3971.418999999999,291.6999999999999
3346.628,223.39999999999995
2170.1899999999996,138.8
4908.926,350.99999999999983
3031.662,199.20000000000002
3163.1069999999995,231.2
3165.072999999999,233.5
3837.667999999999,268.70000000000005
1642.6559999999997,106.2
3057.7340000000004,200.5
1254.368,90.0
2330.2799999999997,167.40000000000003
2847.228000000001,195.50000000000003
5541.601,405.69999999999993
1185.037,83.8
1199.871,85.7
3415.785999999999,220.4
1091.919,73.39999999999999
940.3130000000001,114.69999999999999
4141.385000000001,267.4
1671.2569999999998,108.79999999999997
3418.3349999999996,225.50000000000003
3226.543999999999,230.39999999999992
2658.53,175.7
1123.3990000000001,78.5
4554.166000000001,318.3
1931.9809999999998,136.1
525.808,35.7
1227.1389999999997,85.5
2478.076,161.2
3105.7509999999997,222.3
3376.3920000000007,243.3
4620.048000000002,305.59999999999985
3441.544,197.1
3273.827,268.3
2594.96,193.59999999999997
4600.026000000002,251.7
537.9680000000001,39.3
2436.0050000000006,174.39999999999998
657.163,43.5
3590.9349999999995,263.7
2655.344,185.4
3017.552,219.3
1229.0059999999999,79.80000000000001
4570.8859999999995,321.99999999999994
3846.6879999999996,292.0999999999999
2474.1879999999996,183.50000000000003
5295.876,296.7
2899.238,189.3
2464.805,248.29999999999998
4644.327,334.00000000000006
3777.935000000001,269.8
795.1949999999999,51.2
3373.918,251.09999999999997
2997.2950000000005,218.19999999999996
2991.1459999999997,223.40000000000006
3034.4039999999995,219.20000000000002
2842.189,183.59999999999997
4398.567999999999,305.19999999999993
2843.284,181.7
2422.6189999999997,177.1
4052.758999999999,297.9000000000001
1897.6639999999998,139.3
780.7510000000001,50.4
2823.6180000000004,212.20000000000002
2004.9199999999998,134.4
4892.3,348.0999999999999
5021.382999999999,269.59999999999997
3927.4299999999994,283.7
3686.9809999999998,231.49999999999997
4342.4800000000005,294.7
1718.3700000000001,110.4
3572.689,233.0
2916.928000000001,202.0
367.36199999999997,23.8
2947.709999999999,198.7
4940.389,313.00000000000006
2961.7389999999996,190.8
2636.7210000000005,172.5
1300.6570000000002,83.10000000000002
1562.2839999999999,101.70000000000002
1259.5549999999998,84.89999999999999
4020.0020000000004,283.2999999999999
4203.4259999999995,308.3
3399.107000000001,240.8
3732.798,265.09999999999997
635.149,42.800000000000004
3302.065,224.29999999999998
2163.502,154.89999999999998
2163.502,154.89999999999998
2554.822,157.29999999999998
3748.330999999999,263.2
1793.9790000000003,118.10000000000002
2727.649,197.0
1165.429,78.69999999999999
4119.241,262.90000000000003
4048.5239999999985,286.90000000000003
2522.3999999999996,167.00000000000006
1602.351,110.5
3888.633,291.6999999999999
2474.781,161.9
2667.6379999999995,195.7
2241.217,165.8
1517.649,110.1
1379.069,94.2
5325.567999999999,380.1999999999999
1473.9689999999998,100.5
5616.750999999999,397.6
5300.261,373.4
323.728,22.9
4344.646,304.8
3614.6869999999994,232.3
2687.091,190.6
2220.107,160.79999999999995
2552.4170000000004,229.70000000000005
2225.9459999999995,148.29999999999998
2578.786,186.7
574.12,37.3
3494.3669999999997,250.2
2804.3479999999995,195.69999999999996
2031.7079999999996,145.39999999999998
2902.4230000000002,207.59999999999997
5185.831999999999,364.8999999999999
3100.8140000000003,202.50000000000003
4254.561999999999,317.3000000000001
2230.8729999999996,160.7
387.0,25.1
4354.449000000001,312.5
1900.455,138.6
1930.456,125.7
3437.107,262.2
2436.147,161.20000000000002
2797.084,202.1
3330.800999999999,295.9
868.2409999999999,59.0
2991.3979999999992,199.4
5724.133,411.5999999999999
5886.443,572.9
871.4250000000001,58.199999999999996
4280.029,306.2
4031.126,299.09999999999997
492.46500000000003,32.0
4152.495,255.60000000000002
1212.843,88.20000000000003
3143.308,232.2
2059.982,142.70000000000002
4048.159000000001,326.7
3971.573999999999,289.8999999999999
1990.5579999999995,130.29999999999998
2898.6249999999995,181.79999999999998
4230.988,308.7000000000001
1489.808,105.1
1588.5910000000001,94.30000000000001
705.4039999999999,45.9
3233.776,216.0999999999999
1725.3329999999996,116.80000000000001
4771.631999999999,328.90000000000003
4969.731,345.4
791.428,50.99999999999999
4468.436000000001,318.70000000000005
3119.571999999999,218.1
4189.464000000001,305.30000000000007
2112.932,138.29999999999995
77.07,5.0
5840.362000000001,317.90000000000003
859.189,55.8
2056.7270000000003,145.20000000000002
2579.062,175.39999999999998
5015.959000000003,352.89999999999986
3710.2129999999997,261.1
4244.085,304.5
1237.191,90.4
3634.803,269.59999999999997
3233.919000000001,220.20000000000002
5911.260000000002,425.69999999999993
3700.897000000001,203.9
1972.438,141.70000000000002
4627.179,320.79999999999995
2585.784,250.20000000000002
4172.951999999999,282.9
5140.1810000000005,372.1
5033.337,357.50000000000006
3978.6880000000015,265.2
4680.531999999998,339.49999999999983
4610.806000000001,333.00000000000006
1511.3049999999998,100.5
3683.4369999999994,247.1
4693.081000000001,330.69999999999993
902.573,58.8
1612.3290000000002,117.49999999999997
1384.383,93.19999999999999
2486.4179999999997,167.10000000000002
4592.118000000001,322.5
3065.1620000000003,222.49999999999997
2214.4819999999995,152.90000000000003
3941.8130000000006,285.3
1372.2730000000001,95.2
336.79699999999997,21.799999999999997
1546.5430000000003,99.30000000000001
5363.251,340.6000000000001
1885.0220000000002,130.60000000000002
1431.5469999999998,94.9
2535.7909999999997,190.79999999999998
1794.8670000000002,190.3
4319.067999999999,288.69999999999993
2902.9800000000005,285.19999999999993
4587.9,336.70000000000005
4587.9,336.70000000000005
3880.953,257.1
2142.49,164.39999999999998
2719.064,188.5
4169.359,302.20000000000005
328.196,21.4
4087.906000000001,300.0
2786.072,207.0
4761.83,322.79999999999995
2305.016,170.00000000000006
6491.532000000001,401.50000000000006
4078.3930000000005,273.70000000000005
2070.2869999999994,150.20000000000002
4424.107,309.4999999999999
4356.3769999999995,304.00000000000006
741.066,49.7
959.4169999999999,64.9
3496.0130000000004,236.39999999999995
3064.1699999999996,171.1
3373.1719999999987,231.60000000000008
917.774,66.00000000000001
4318.063,309.70000000000005
2612.8609999999994,186.00000000000003
1152.1760000000002,79.5
5521.741999999999,397.6
3814.830999999999,257.2
2724.651,189.0
3210.763,212.89999999999998
5254.369999999999,371.99999999999994
341.122,25.4
3105.4860000000003,204.50000000000003
4245.798,298.5999999999999
3558.0669999999996,247.6
2944.4330000000004,206.8
4749.230999999999,339.69999999999993
1401.2580000000003,101.00000000000004
3386.3829999999994,223.4
2264.9620000000004,149.89999999999998
3634.321,180.39999999999998
1051.653,114.89999999999999
3213.4130000000005,232.5
3180.667,221.7
1448.751,142.4
1851.911,152.3
3531.4769999999994,201.4
2412.1839999999993,180.4
1303.0280000000002,97.3
3186.0740000000005,210.89999999999998
2804.328,202.3
1411.5950000000003,102.70000000000002
1411.5950000000003,102.70000000000002
5255.1179999999995,374.0
3445.403,224.49999999999991
2662.418,191.6
932.6650000000001,63.199999999999996
3845.7000000000003,263.0
3491.5530000000003,253.2
1568.1879999999999,103.90000000000002
2574.609,175.89999999999998
2666.8450000000003,138.2
4713.9569999999985,289.3
3673.398,250.7
644.156,44.60000000000001
1400.2490000000003,90.29999999999998
2626.251,188.3
1497.725,96.89999999999999
2263.444,150.4
2336.511,179.8
3753.0959999999995,271.1
2453.005,158.29999999999998
1865.7770000000005,131.1
3659.4110000000005,262.8
4858.318000000001,344.19999999999993
3752.5499999999993,263.1
2782.179,197.1
2872.2439999999997,207.90000000000003
2447.287,161.9
2100.261,165.20000000000002
5098.564,437.29999999999995
2282.042,159.79999999999998
1212.351,79.6
4635.554,305.79999999999995
3306.1149999999993,216.90000000000003
197.71699999999998,14.600000000000001
864.363,53.3
2948.9689999999996,218.2
757.9390000000001,49.4
3673.558,257.90000000000003
1975.236,162.8
3491.916999999999,239.2
3954.2710000000006,275.7999999999999
524.989,35.6
4902.914999999999,313.0
264.101,17.5
2582.7129999999997,176.70000000000002
2949.228,214.89999999999995
4030.836000000001,266.79999999999995
2093.3770000000004,242.79999999999998
2227.9330000000004,154.4
2250.438,166.60000000000002
2220.9389999999994,212.70000000000002
3012.114000000001,198.50000000000003
3012.114000000001,198.50000000000003
820.533,61.0
2392.2699999999995,164.39999999999998
1437.66,93.39999999999999
4153.884999999999,253.1
3952.9090000000006,221.60000000000002
1607.9399999999998,105.2
3699.2799999999997,236.09999999999997
701.185,48.10000000000001
3062.3070000000002,225.7
3758.849,256.1
3777.4670000000006,263.4
5770.364999999999,407.0999999999999
986.0100000000001,65.8
1169.3560000000002,88.5
4926.504999999999,358.79999999999995
3887.4829999999993,274.6
4541.369999999999,268.0
5057.0920000000015,327.30000000000007
1703.8490000000002,170.1
4356.609,322.00000000000006
2514.7030000000004,175.99999999999997
2306.152,145.9
3830.5379999999996,282.9999999999999
303.28,19.700000000000003
2251.9659999999994,138.59999999999997
1684.705,141.70000000000002
2180.4639999999995,151.80000000000004
3429.8160000000007,250.7
306.264,21.799999999999997
4817.081000000001,324.40000000000003
1349.3909999999998,95.30000000000001
5696.551000000002,419.59999999999997
710.679,47.7
2134.71,149.5
3027.975,199.39999999999998
4855.774000000001,313.4
1887.955,132.19999999999996
5915.769,419.79999999999995
3354.357,229.20000000000005
3378.575,243.99999999999997
2682.1300000000006,181.60000000000005
709.178,46.1
646.851,42.099999999999994
2862.378,188.50000000000003
1819.6670000000001,122.3
3875.9030000000002,220.60000000000002
1978.2150000000001,140.60000000000005
1519.55,107.2
4782.976,314.59999999999985
1221.6090000000002,153.9
3628.0509999999995,267.79999999999995
2012.8200000000002,149.4
2281.842,166.99999999999997
4521.824999999999,314.80000000000007
2544.810000000001,176.0
766.0030000000002,49.8
1134.4850000000001,75.5
2326.504999999999,167.0
3421.018,186.50000000000003
1234.2679999999996,84.70000000000002
2545.1610000000005,163.70000000000002
3523.756,232.70000000000002
645.139,53.800000000000004
3551.117999999999,251.20000000000002
2476.8929999999996,162.70000000000002
2657.299,192.90000000000003
3120.741,220.4
2675.696,185.20000000000002
1163.971,170.8
1543.798,100.70000000000002
3380.8139999999994,220.90000000000003
2686.5109999999995,203.29999999999998
4801.751000000002,339.99999999999994
3785.0780000000004,269.20000000000005
1673.9210000000003,119.0
2892.644,198.4
3181.8990000000003,224.6
3661.8019999999997,264.79999999999995
714.3,47.5
2392.7949999999996,178.60000000000002
4701.058,316.3
2316.589,172.9
3965.846,251.00000000000003
5048.724000000001,356.2999999999999
3186.962,225.99999999999997
2367.3420000000006,157.20000000000002
2484.7670000000003,179.10000000000005
1302.934,84.80000000000001
3476.773,257.4
707.2090000000001,120.5
775.405,50.4
2283.689,159.1
1929.0739999999998,152.90000000000003
2108.239,243.70000000000002
3239.6629999999996,240.39999999999998
2858.4069999999997,204.20000000000002
3453.978,239.1
3825.5239999999994,270.00000000000006
4838.275,340.8999999999999
3581.064000000001,254.99999999999997
816.8029999999999,52.89999999999999
2910.1850000000004,186.7
3981.9570000000003,286.09999999999985
3168.2280000000005,223.79999999999998
498.007,37.2
5748.967,394.0000000000001
2395.268,184.10000000000002
2459.06,169.70000000000002
1611.5750000000003,117.19999999999999
4760.238,334.2
2017.6830000000002,137.10000000000002
3170.355999999999,210.10000000000002
2150.191,155.6
4123.098999999999,257.10000000000014
1550.432,107.3
3893.8170000000005,286.3
846.299,62.0
3418.648,213.99999999999994
1546.818,108.2
2471.9990000000003,163.40000000000003
4120.348000000001,292.69999999999993
5005.857,332.8999999999999
3327.445,245.40000000000003
5013.029999999999,363.4000000000001
3199.564,212.3
4150.915999999999,285.59999999999997
2798.1349999999998,213.00000000000003
2897.7819999999997,194.40000000000003
1683.439,107.4
4117.085,298.49999999999994
3395.887,209.5
2808.842,212.7
1153.8429999999998,79.5
2290.8419999999996,163.1
2789.095,257.2
2754.656,183.8
3835.071000000001,213.6
2315.5049999999997,155.1
2707.2400000000007,179.4
912.1560000000001,59.10000000000001
4978.7300000000005,352.69999999999993
1668.6469999999997,118.39999999999998
2409.793,170.49999999999997
2385.5510000000004,157.2
311.33299999999997,20.3
3390.2939999999985,229.6
3202.3729999999996,208.60000000000005
1563.73,100.99999999999999
463.081,30.1
1701.2659999999998,125.19999999999999
4224.4000000000015,277.2
2883.7380000000003,202.39999999999998
1976.6899999999998,128.6
4568.942,327.8
3716.2349999999997,253.50000000000003
1565.0509999999997,104.89999999999998
3896.32,266.8
1467.3210000000001,99.30000000000001
3350.854,281.7
1116.658,74.8
1517.742,101.4
2459.667,166.29999999999998
2260.6489999999994,163.7
1942.5130000000001,142.79999999999998
170.28199999999998,11.0
3680.9849999999997,259.99999999999994
3903.0949999999993,200.30000000000004
3459.8900000000003,191.4
753.332,55.1
3733.654999999999,273.50000000000006
4664.69,325.6
3155.3639999999996,219.69999999999993
5324.122000000001,355.9999999999999
1072.5559999999998,78.70000000000002
2729.6510000000003,187.50000000000003
3308.06,216.79999999999998
2416.7949999999996,192.00000000000003
2769.9190000000003,189.20000000000002
4830.330000000001,347.5
4054.3949999999995,268.79999999999995
3773.662999999999,258.4000000000001
3773.662999999999,258.4000000000001
3730.714,262.59999999999997
2421.8669999999997,155.9
1254.105,88.1
2242.5240000000003,155.80000000000004
2823.3729999999987,200.6
5388.419000000002,348.59999999999997
3093.270999999999,224.19999999999996
5090.259,359.4000000000001
2958.5509999999995,198.1
1903.5049999999999,137.6
4518.558,325.6000000000001
2967.7459999999996,296.7
2763.0689999999995,201.29999999999998
2388.808,172.2
2342.0969999999998,166.39999999999998
1115.162,75.5
975.184,65.1
3577.3880000000004,251.4
449.131,31.599999999999998
2235.8320000000003,156.20000000000002
4813.8099999999995,339.20000000000005
4402.002,309.0
1157.12,76.60000000000001
5381.953999999999,356.69999999999993
1500.2650000000003,100.49999999999999
3915.976,290.50000000000006
4468.619000000002,319.59999999999985
2698.5399999999995,194.39999999999998
3123.342999999999,239.00000000000003
600.749,38.6
1127.259,126.79999999999998
4382.389,311.2000000000001
3599.605,213.19999999999996
4184.977,282.09999999999997
1816.4199999999998,129.0
2500.477,178.70000000000002
2225.894,166.5
2823.1019999999994,207.90000000000003
2255.8900000000003,163.70000000000002
5045.425,351.89999999999986
4728.905000000001,320.5
2575.886,175.0
3605.0589999999993,229.8
1769.478,121.0
3994.881,243.20000000000002
1960.8509999999997,116.20000000000002
2161.425,161.19999999999996
2357.2380000000003,179.79999999999998
3790.9490000000005,216.60000000000002
1473.5839999999998,107.7
3106.912,207.59999999999997
2657.208,200.10000000000002
4030.2559999999994,266.4
1546.6989999999998,109.80000000000001
4100.330000000001,290.59999999999997
848.003,60.099999999999994
3371.5789999999997,231.69999999999996
662.0,49.4
5338.451,356.40000000000003
4905.760000000001,331.70000000000005
3731.9420000000005,268.30000000000007
2644.173,171.10000000000002
3042.103999999999,259.1
5787.649,386.0999999999999
2978.0149999999994,213.99999999999997
4252.675,280.5
3252.065,230.70000000000005
4182.479,243.79999999999995
3472.712,235.79999999999993
4606.191999999999,334.7000000000002
4112.527,282.40000000000003
3566.6859999999997,236.29999999999998
395.6410000000001,25.6
730.7109999999999,49.10000000000001
2373.572,164.6
5209.493000000002,369.0
3068.145,223.79999999999998
1994.348,199.2
287.89700000000005,18.700000000000003
4411.999000000001,313.40000000000003
4002.6800000000003,261.3999999999999
3201.938,235.0
1377.1109999999999,91.30000000000001
1063.35,78.3
3498.0390000000007,210.79999999999998
2979.1370000000006,216.99999999999997
4664.830000000002,333.3
1779.967,137.0
3431.207,247.50000000000006
3492.4269999999997,240.2
1420.168,92.6
1854.2289999999998,123.10000000000001
4445.163,313.19999999999993
1973.5360000000003,145.20000000000002
3710.7099999999996,252.29999999999998
2241.158,147.6
3271.378,225.59999999999997
3271.378,225.59999999999997
2362.1929999999998,172.70000000000005
3134.7059999999997,211.90000000000006
4152.223999999998,277.50000000000006
2662.872999999999,182.20000000000002
2404.394,173.5
895.64,64.10000000000001
714.5900000000001,51.699999999999996
4656.972000000001,490.19999999999993
4675.746,335.8999999999999
3288.633,221.89999999999995
4610.476999999999,254.5
2993.1329999999994,216.70000000000005
1473.9149999999997,97.4
3803.5819999999994,277.6
3128.769000000001,208.20000000000005
5791.480000000003,381.7999999999999
3928.9399999999996,285.0
2235.246,147.70000000000002
4915.825999999999,279.00000000000006
114.579,7.4
1869.4929999999997,132.6
1669.6070000000002,121.0
1648.6070000000002,121.29999999999997
2660.4880000000003,189.99999999999997
2274.03,163.8
3316.1780000000003,237.89999999999995
2612.5330000000004,247.39999999999992
4992.346,354.8
2253.8129999999996,165.6
1463.0729999999999,100.30000000000001
4059.0959999999995,275.7999999999999
3693.4289999999996,211.6
3545.7679999999996,261.00000000000006
1128.466,74.60000000000001
2764.5989999999997,187.89999999999998
1080.816,72.09999999999998
3556.4829999999993,249.20000000000002
187.451,12.1
4270.213999999999,291.0
3214.591,309.1000000000001
4073.878,229.6
3686.031,265.2
4809.876000000002,323.9
2732.9850000000006,182.59999999999994
1456.7630000000001,107.10000000000001
2518.931,169.20000000000002
1337.136,93.39999999999999
3282.479,222.00000000000003
3841.286,245.9
3841.286,245.9
1447.391,112.39999999999999
3947.154,283.0
3743.018,246.49999999999991
4736.371,336.4000000000001
3051.955,217.3
1972.7209999999998,156.60000000000002
3575.881,260.30000000000007
3544.009999999999,259.6
3854.05,294.8
1113.17,80.1
4371.667000000001,296.8
2289.967,150.1
3664.321,256.7
6000.702999999996,370.6
946.767,61.699999999999996
1072.7060000000001,69.00000000000001
3064.855000000001,233.80000000000004
1682.4550000000002,145.8
4060.4809999999998,289.5
3243.9790000000003,227.7
2293.7710000000006,149.00000000000003
1694.832,129.5
5581.789000000001,395.4
2349.4609999999993,151.29999999999998
1202.6499999999999,78.2
2572.1719999999996,179.49999999999997
2895.2920000000004,206.89999999999995
1923.1199999999997,140.4
2249.091,146.6
1489.1820000000002,110.19999999999997
3363.445000000001,236.3
3502.9010000000007,252.1
841.9859999999999,60.6
4378.893,317.69999999999993
612.928,40.0
4476.897,245.9
4654.447999999999,331.09999999999997
2979.403,217.99999999999997
864.655,57.19999999999999
3247.0569999999993,219.09999999999997
3247.0569999999993,219.09999999999997
3474.4360000000006,263.4
2279.3110000000006,153.10000000000002
3097.2380000000007,199.20000000000005
1901.7379999999996,138.20000000000002
1578.4399999999998,104.3
1578.4399999999998,104.3
2657.196,188.3
4176.92,290.69999999999993
4229.45,301.2
1376.658,91.10000000000001
2271.119,154.29999999999998
1996.0259999999996,132.3
1468.319,100.5
3559.9429999999998,241.2
2803.711,206.70000000000005
5083.992999999998,360.9999999999999
1252.54,97.1
2705.926999999999,190.70000000000002
2226.922,150.3
3373.655,243.4
3675.8239999999996,241.09999999999994
2264.4780000000005,150.79999999999995
1437.084,100.30000000000003
2653.3489999999997,180.3
4795.874000000002,346.90000000000003
2124.524,143.89999999999995
2295.4460000000004,155.19999999999996
2984.4390000000003,212.70000000000005
3354.639,236.79999999999995
1624.731,112.9
1429.0369999999998,97.3
975.8340000000001,62.5
3192.0219999999995,237.19999999999996
4579.068000000001,333.99999999999994
1804.8409999999997,124.2
532.832,34.5
3312.913,205.09999999999997
2377.2229999999995,171.29999999999995
4054.2529999999997,312.8
594.16,38.6
2518.1029999999996,167.9
2244.373,157.7
819.812,53.3
2132.9779999999996,148.20000000000002
2132.9779999999996,148.20000000000002
725.2719999999999,49.2
1123.2899999999997,73.99999999999999
2132.326,141.5
4700.062000000001,320.50000000000006
1942.1520000000003,128.49999999999997
3516.5080000000007,253.39999999999998
639.0350000000001,42.2
6076.638999999998,353.29999999999995
3737.6020000000003,249.70000000000005
4579.847000000001,324.99999999999994
2457.074,161.20000000000002
1922.9899999999998,138.20000000000002
1346.993,91.29999999999998
3458.739,254.1
2526.851,181.60000000000005
5114.495000000001,324.1
5328.827,372.8999999999999
3168.259,224.0
4725.226000000001,312.9000000000001
1088.769,131.3
5529.538,382.9
2394.7839999999997,166.60000000000002
4076.3010000000004,286.2000000000001
2991.2409999999995,221.0
3116.9570000000003,203.7
4619.880999999999,311.2
1463.2810000000002,94.6
4118.308,271.90000000000003
4624.556,311.59999999999997
2182.68,171.5
3192.585,230.20000000000005
2606.7350000000006,177.79999999999998
810.6290000000001,55.7
564.0340000000001,40.699999999999996
5138.2919999999995,357.4
1655.2340000000004,107.9
2187.6150000000007,155.20000000000005
4123.4890000000005,279.6000000000001
2619.236,191.89999999999998
3345.573,245.20000000000002
4267.372,302.6
3224.2479999999996,240.79999999999998
3453.852000000001,237.10000000000002
5394.549000000002,324.9
3246.5939999999996,236.70000000000005
2906.2679999999996,200.70000000000002
4305.529999999999,313.0
3784.9640000000004,252.4
347.97999999999996,22.9
4782.129,335.49999999999994
4760.447,321.50000000000017
1490.6450000000002,101.5
4670.5830000000005,333.59999999999997
5246.0909999999985,350.70000000000005
4091.1599999999994,312.20000000000016
2203.803,206.3
2026.1570000000004,137.49999999999997
3537.307,234.49999999999991
3221.8650000000002,223.00000000000003
4136.877,288.3
3065.09,225.39999999999995
3065.09,225.39999999999995
2647.3030000000003,188.00000000000003
4134.387,269.40000000000003
2214.926,149.79999999999998
1412.855,185.9
3873.0460000000003,264.0
1762.149,123.5
3221.1130000000007,191.9
1571.9780000000005,114.89999999999999
3302.712000000001,233.10000000000005
3161.3520000000003,227.20000000000002
3479.7799999999997,251.6
1394.5940000000003,92.4
2678.9460000000004,195.19999999999996
3964.181,329.0
669.5079999999999,43.5
982.8359999999999,70.10000000000001
1554.4140000000002,113.60000000000002
3937.794,294.1
3524.133999999999,396.59999999999997
5437.2480000000005,383.69999999999993
4293.248,302.99999999999994
4293.248,302.99999999999994
729.531,47.400000000000006
3788.0410000000006,262.9
3191.98,232.39999999999995
3008.9079999999994,199.4
1400.4259999999997,90.9
3628.123,238.60000000000002
4873.564,329.9
3396.932,229.2
2794.7219999999998,207.89999999999992
1789.6029999999998,134.2
2031.502,141.49999999999997
1790.9040000000002,131.9
5322.62,365.40000000000003
5322.62,365.40000000000003
1990.843,130.4
2217.4890000000005,163.29999999999998
2240.0370000000003,164.09999999999997
306.738,94.4
1706.3790000000001,117.69999999999999
1926.982,137.3
5229.010999999999,366.90000000000003
2951.8650000000002,203.89999999999995
3780.1619999999994,270.2
3250.202,210.5
2147.452,153.0
649.534,47.9
3293.525,234.80000000000007
2377.59,166.5
2669.8920000000003,193.50000000000003
2255.5640000000003,150.4
1957.8550000000002,143.10000000000002
2440.9290000000005,160.3
3481.7390000000005,260.19999999999993
3369.6200000000003,251.19999999999996
3560.785,252.5
1315.1119999999999,112.59999999999997
1315.1119999999999,112.59999999999997
2162.9,147.20000000000002
1632.854,107.89999999999999
3754.1370000000006,208.8
2784.656,201.5
4804.961,340.8
1125.973,75.10000000000001
2499.902999999999,180.40000000000003
3639.2850000000003,251.29999999999998
1000.816,73.8
682.941,44.89999999999999
682.941,44.89999999999999
941.03,65.5
4781.895,346.99999999999994
3661.2630000000013,261.3
3555.0419999999995,247.90000000000003
2690.8000000000006,182.59999999999997
5220.357,313.9
763.991,53.5
1028.182,68.4
3951.2410000000004,263.6
3037.8399999999997,224.4
2156.231,162.0
5644.321999999998,343.0
1607.305,104.60000000000001
5362.593,370.9
1559.187,151.7
5100.337,363.5
891.8200000000002,66.5
335.552,23.399999999999995
3807.8320000000003,270.59999999999997
2940.2140000000004,194.1
4952.3240000000005,319.59999999999997
2739.949,192.69999999999996
1337.4239999999998,99.00000000000001
1551.502,107.2
3505.2279999999996,235.1
4089.4460000000004,254.6
2161.1150000000002,153.99999999999997
1598.1910000000003,104.19999999999999
2930.721,216.5
1820.8639999999998,166.10000000000002
1552.6169999999997,108.19999999999999
4341.786000000001,309.69999999999993
3539.127,192.9
3216.487,216.6
574.426,37.5
1945.9589999999996,133.3
600.4979999999999,44.7
1442.4060000000004,106.49999999999999
2019.4180000000001,135.9
1479.6190000000001,102.50000000000001
3923.627,273.2
3362.9249999999997,240.1
4253.548,281.59999999999997
4026.5860000000002,285.20000000000005
3415.8819999999996,202.60000000000005
604.281,39.3
1682.3970000000002,183.4
1269.575,86.7
3490.4309999999996,251.29999999999998
2365.409,152.20000000000002
2197.366,158.50000000000006
3894.415000000001,249.79999999999993
3002.0399999999995,219.6
1425.967,101.19999999999999
1313.0350000000003,84.10000000000002
2041.9179999999997,140.6
1488.652,98.7
3982.4809999999998,290.3
3604.0080000000007,262.7
3042.5190000000002,168.79999999999998
4685.146,330.6
3340.7800000000007,237.30000000000004
3500.978,251.29999999999998
3500.7540000000013,239.4
4009.902999999999,291.69999999999993
2356.3989999999994,158.79999999999998
471.169,34.3
4248.420999999999,307.29999999999995
4539.8989999999985,326.7
4659.951000000001,326.2
3179.7380000000007,207.79999999999995
722.086,48.0
4122.792000000001,293.09999999999997
1933.4800000000002,128.5
1526.6129999999996,104.69999999999999
1814.9149999999995,125.49999999999999
3148.4539999999997,227.00000000000009
1534.2789999999998,114.89999999999999
3574.8280000000004,244.1
2514.6169999999997,174.09999999999997
2232.453,150.39999999999998
4186.672000000001,293.59999999999997
601.712,39.9
3720.5969999999998,258.09999999999997
1106.108,73.9
4978.789,364.2
3968.438,245.59999999999997
960.3700000000001,71.5
1017.2429999999998,66.3
666.996,43.3
2694.5289999999995,201.0
1494.1489999999997,105.3
2798.382,180.60000000000002
2541.7639999999997,187.2
3542.449000000001,235.00000000000003
3833.084,251.19999999999996
1665.371,137.2
3405.84,223.29999999999998
3972.693,267.8
3898.306000000001,277.49999999999994
1932.999,138.8
646.3689999999999,42.3
1340.452,90.39999999999999
1656.1870000000001,121.79999999999998
4615.575999999999,315.50000000000006
4615.575999999999,315.50000000000006
3484.051,249.30000000000004
3990.9479999999994,272.80000000000007
3077.128999999999,215.2
757.655,51.2
1095.3319999999999,72.7
5131.714000000001,314.59999999999997
1296.643,83.7
2097.348,143.8
4060.7579999999994,228.50000000000003
5602.987000000001,398.2999999999999
3120.7029999999995,191.8
535.137,34.9
4126.468000000001,287.5
262.579,19.2
2207.423,158.70000000000002
3758.1570000000006,262.69999999999993
4692.117000000001,311.4
2264.601,150.5
3175.4730000000004,221.70000000000002
675.265,45.800000000000004
3800.1470000000004,275.79999999999995
2246.3579999999997,158.10000000000002
1491.691,98.3
2388.883,156.8
2648.0369999999994,173.70000000000002
2371.3129999999996,174.70000000000002
1088.612,81.3
3832.584,257.7
3903.5419999999995,283.8999999999999
2645.479,197.6
1320.611,85.80000000000001
751.192,50.199999999999996
3224.1069999999995,234.39999999999998
2374.1279999999997,186.0
2542.65,172.20000000000002
2838.9560000000006,192.89999999999995
539.905,68.80000000000001
2210.9089999999997,147.90000000000003
3222.8350000000005,236.7
5461.636999999999,364.2
2122.046,140.4
4449.348000000001,305.6
2705.974,182.5
4719.797,295.69999999999993
3886.009,265.5
2298.976,171.40000000000003
1536.121,99.10000000000001
4016.503999999999,274.0
2416.471,177.49999999999994
509.99899999999997,35.3
1386.7240000000002,102.49999999999999
5428.734999999999,354.3
2282.0029999999997,150.29999999999998
2247.7589999999996,148.3
1412.89,105.30000000000001
3476.157,245.49999999999994
1806.3609999999999,145.7
1101.4940000000001,75.2
3199.3659999999995,205.69999999999996
1237.382,80.2
2268.6639999999998,157.4
1395.992,93.89999999999999
2931.566,210.90000000000003
3359.5139999999997,243.3000000000001
3908.9559999999997,264.1
2753.1269999999995,200.99999999999994
4090.0200000000004,228.29999999999998
2990.9889999999996,198.09999999999997
3686.753,260.99999999999994
3690.024999999999,268.40000000000003
5005.012000000001,318.1
2243.8700000000003,151.00000000000003
3416.5860000000002,238.9
4296.395,287.7
3608.9729999999995,242.49999999999994
1580.132,105.30000000000003
4507.097000000001,318.8
3589.2930000000006,286.30000000000007
1427.393,99.00000000000001
2926.9410000000007,197.00000000000003
623.9929999999999,86.99999999999999
5010.3460000000005,349.99999999999994
1406.0010000000002,90.4
3855.3489999999997,255.7
4308.826,299.90000000000003
3533.8880000000004,233.29999999999995
1257.0729999999999,82.99999999999999
2223.415,146.50000000000003
3735.503000000001,250.5
2300.151,157.4
2356.504999999999,160.0
2201.116,137.8
2749.152,198.0
3392.972999999999,247.69999999999996
1928.7040000000002,127.29999999999998
1862.3029999999999,126.0
4276.385,262.6
4014.983999999999,291.00000000000006
1769.0259999999994,126.4
3781.330999999999,270.90000000000003
3055.9750000000004,217.3
4857.032999999999,322.8
4242.73,271.5
3713.3009999999995,227.2
2509.482,184.6
2536.4979999999996,165.40000000000003
1325.044,88.00000000000001
1423.463,98.89999999999999
5097.208000000001,368.0
2533.193,177.2
2397.5609999999997,157.40000000000003
2264.348000000001,145.9
2973.544999999999,192.89999999999995
1120.105,137.1
3070.9310000000005,214.99999999999997
1569.827,113.60000000000001
3280.9779999999996,213.0
3634.5789999999997,260.99999999999994
1700.5769999999998,122.1
3454.2279999999996,231.20000000000002
2338.8999999999996,166.70000000000005
2374.905,184.1
1300.007,84.60000000000002
3064.2000000000003,222.20000000000002
3137.318999999999,228.29999999999995
2942.58,210.7
1906.9060000000002,129.6
420.584,27.4
4590.640000000001,321.49999999999994
1929.1899999999998,124.89999999999999
1921.5000000000002,124.10000000000001
1293.806,97.5
2950.004,208.1
2786.1479999999997,183.90000000000003
3239.5250000000005,231.00000000000003
4126.290999999999,304.1000000000001
1969.8839999999998,143.09999999999997
1824.767,132.99999999999997
2324.7519999999995,155.70000000000002
1150.915,85.89999999999999
1359.3990000000001,87.49999999999999
2995.9689999999996,227.79999999999993
5620.268000000002,400.19999999999993
2236.66,147.0
2250.4580000000005,144.30000000000004
3597.9089999999997,256.70000000000005
2135.218,166.79999999999998
1707.4909999999998,120.30000000000001
2642.0720000000006,174.5
3972.7129999999997,260.3
3972.7129999999997,260.3
922.2970000000001,60.2
2269.1240000000003,156.49999999999997
4765.267,516.3000000000001
2017.442,145.0
5384.581000000001,356.70000000000016
3463.4300000000003,244.9
2050.1850000000004,145.10000000000002
4255.129999999999,213.20000000000002
645.509,46.9
3763.626999999998,274.3
1062.0130000000001,79.30000000000001
4140.247,233.6
4905.343,355.4
3215.9939999999997,236.39999999999998
2714.032,201.8
3033.775999999999,206.0
1611.247,113.70000000000002
791.5449999999998,53.6
2335.228,162.2
2178.8349999999996,156.29999999999998
4284.814,293.50000000000006
4308.019999999999,304.5999999999999
4127.370999999999,296.2
2553.2159999999994,172.09999999999997
3385.2219999999998,224.39999999999998
5702.473,400.7
2907.4069999999997,212.60000000000005
3150.435,223.20000000000005
1053.819,78.9
4002.301,273.99999999999994
3277.3720000000008,228.20000000000002
4145.491000000001,277.50000000000006
3764.7650000000003,242.99999999999997
4124.409,294.09999999999997
2484.0389999999998,185.59999999999997
1492.884,98.69999999999999
4028.3639999999996,266.6000000000001
2226.654,142.49999999999997
1512.3010000000002,97.5
2671.4949999999994,180.2
3481.814,250.00000000000003
4582.294000000001,317.7000000000001
2242.6620000000003,151.70000000000002
4168.502999999999,269.4
3562.8380000000006,255.90000000000003
3510.2889999999998,246.8
5238.999,366.29999999999995
2799.832,201.09999999999997
4210.706000000001,273.59999999999997
3678.5399999999995,261.50000000000006
3678.5399999999995,261.50000000000006
1770.2499999999995,120.90000000000002
2415.0370000000003,181.60000000000002
955.2769999999999,64.0
4058.6339999999996,267.50000000000006
3636.611,269.1
3740.385,270.7
2717.1129999999994,205.29999999999995
1445.466,90.2
793.863,51.5
3971.048,291.4999999999999
3499.786,250.39999999999998
4362.608000000001,309.1999999999999
3212.405999999999,231.1
676.4060000000001,46.800000000000004
3111.5930000000003,206.5
2957.59,238.99999999999997
3340.6219999999994,248.89999999999998
2968.376,248.7
3196.254999999999,233.1
4028.293999999999,259.5
1394.0950000000005,92.6
5155.783000000001,371.0
5155.783000000001,371.0
1135.5839999999998,75.6
3646.880999999999,240.49999999999997
907.2209999999999,64.6
607.192,45.099999999999994
3697.2190000000005,262.3
3138.3740000000003,226.00000000000003
2235.209,158.20000000000002
1174.455,77.0
5662.365000000001,387.09999999999997
4504.165000000001,323.2
2758.522,198.29999999999995
4283.665,313.1
5644.889,407.5999999999999
3969.6089999999995,291.5000000000001
5311.118999999999,373.70000000000005
2692.129,176.09999999999997
1787.212,132.2
877.574,61.0
1670.4959999999996,116.4
1595.582,109.5
1109.233,71.1
4296.0199999999995,295.1
2304.473,167.9
3786.294999999999,257.3
1516.467,127.9
2474.4359999999997,176.7
5219.360999999999,350.1000000000001
2605.8879999999995,178.40000000000003
3061.255,207.59999999999997
2910.098,214.70000000000007
3577.8710000000005,249.70000000000002
2936.992,197.69999999999996
4183.131,277.90000000000003
3181.191,219.09999999999997
4066.7629999999995,329.3999999999999
1023.187,74.99999999999999
363.796,27.1
4974.040000000001,357.0999999999999
1668.569,123.60000000000001
3025.608,288.90000000000003
839.175,55.7
2899.6909999999993,193.99999999999997
4186.026,205.99999999999997
5968.736000000001,424.89999999999986
3026.6910000000003,207.19999999999993
3240.450999999999,217.20000000000002
2001.081,147.19999999999996
3125.1479999999997,215.4
5094.269,367.9
4863.950999999999,322.6
3272.272000000001,231.2
2690.6320000000005,176.50000000000003
4377.088000000002,305.7
1974.756,139.20000000000002
4748.947000000002,333.8
3055.9910000000004,220.6
2337.8540000000003,173.1
4168.896,300.50000000000006
2439.5809999999997,164.89999999999998
1948.9960000000003,116.3
1185.7839999999999,87.1
208.157,60.2
1065.694,71.8
1123.82,74.10000000000001
1123.82,74.10000000000001
502.85799999999995,35.6
773.9809999999999,55.60000000000001
4141.633999999999,304.00000000000006
3242.8579999999997,181.5
1007.6499999999999,72.3
3344.3880000000004,227.10000000000002
2808.55,183.70000000000002
4282.383,305.49999999999994
4553.475,332.9
1071.708,72.5
3239.725999999999,242.30000000000007
1079.337,72.1
2619.343,186.59999999999997
1712.557,114.60000000000001
1620.774,121.19999999999999
1339.6429999999996,83.8
1850.3149999999998,125.50000000000001
1894.327,141.70000000000002
4011.7590000000005,263.49999999999994
1428.701,125.30000000000001
4687.370000000001,340.6999999999999
1940.8350000000003,137.60000000000002
1416.267,94.2
2380.7819999999997,174.99999999999997
4809.668,309.8
1855.3480000000002,133.70000000000002
2667.498,145.0
2721.6749999999997,196.90000000000006
3732.9689999999996,262.7
3877.269000000001,280.6
1571.4419999999998,114.80000000000001
847.392,57.3
737.799,48.00000000000001
1801.9729999999997,121.80000000000001
3231.4899999999993,240.29999999999998
1272.4249999999995,83.0
4984.884,305.09999999999997
3471.2799999999997,245.0
5587.442999999999,377.8
3224.093,229.6999999999999
2184.649,156.7
1280.5019999999997,84.89999999999999
4431.764,286.40000000000003
3129.551,221.0
4735.075,337.6
3094.3019999999997,195.5
3304.7949999999996,239.7
4840.343000000001,344.49999999999994
2449.2899999999995,160.70000000000002
4350.540999999999,285.3
5481.977000000001,358.4000000000001
995.656,67.3
1861.1480000000001,119.40000000000002
2991.032,164.8
3374.4520000000007,236.20000000000005
2534.751,164.6
4412.263000000001,315.70000000000005
2972.16,291.99999999999994
4874.941999999998,295.9000000000001
2585.1620000000007,170.3
2181.531,150.79999999999998
4791.400999999999,339.49999999999994
3154.689,211.70000000000005
1506.2819999999997,111.80000000000001
1943.1519999999998,128.8
3543.888,238.0
624.6,46.69999999999999
3487.688,238.8
2459.3630000000003,163.30000000000004
3425.8099999999995,249.2
3994.516,289.5
3999.2699999999995,363.29999999999995
4347.949000000002,313.90000000000003
4118.609999999999,284.7
3276.359,237.40000000000003
2614.4889999999996,179.49999999999994
3351.6779999999994,220.1
4578.106,313.1000000000001
4719.5909999999985,298.6
4031.871,282.99999999999994
3485.565,249.40000000000003
199.76,16.9
1815.2239999999997,117.00000000000001
1831.634,124.4
4321.651,377.7999999999999
2563.959,181.60000000000005
1712.6539999999998,119.19999999999997
2360.2450000000003,160.20000000000005
2254.347,158.10000000000002
4063.567,273.90000000000003
2877.405,210.6
1774.3509999999999,178.10000000000005
645.9939999999999,70.89999999999999
1753.411,217.3
2353.954,161.79999999999995
2898.591,215.00000000000003
4580.669999999998,302.7
1362.145,98.69999999999999
2468.2500000000005,172.99999999999997
2981.295,227.8
951.1650000000002,69.3
4452.744000000001,269.6
2066.1029999999996,153.3
3876.890999999999,279.59999999999997
2753.0610000000006,357.5
4676.809,337.7000000000001
1563.833,115.29999999999998
3286.9739999999997,240.4000000000001
3199.8609999999994,220.99999999999997
3836.0599999999995,276.19999999999993
3042.3630000000007,218.4
2891.2779999999993,198.00000000000003
3930.8250000000007,260.8999999999999
4928.337,344.5
1777.9089999999999,128.0
4260.293000000001,307.49999999999994
3158.3759999999997,220.39999999999992
2819.011000000001,200.50000000000003
4872.908999999999,326.3
2392.2729999999997,167.40000000000003
3727.945999999999,245.9
2398.1710000000003,156.8
2256.3489999999997,155.1
2687.6739999999995,188.9
5723.343,384.5
215.522,14.0
3657.877,243.50000000000003
1889.5840000000003,124.89999999999998
3983.858000000001,285.80000000000007
2139.9599999999996,148.1
2224.25,172.5
4315.565,306.4
3391.112,185.1
2525.955000000001,182.7
3098.2640000000006,218.10000000000002
3608.722,286.4999999999999
1715.495,127.5
4604.309999999998,312.29999999999995
2119.855,139.50000000000003
3775.462999999999,216.9
5072.323,360.09999999999997
4310.4839999999995,221.60000000000002
82.31,5.3
2382.692,191.99999999999994
4408.418000000001,310.3
4285.629,273.40000000000003
3068.4799999999996,219.4
1876.3980000000004,133.39999999999998
800.865,58.4
3841.5779999999995,280.3000000000001
4943.383000000001,349.9999999999999
2706.0600000000004,177.00000000000003
3606.689999999999,248.60000000000002
601.7570000000001,40.5
2251.0709999999995,161.8
3100.507000000001,204.10000000000005
2999.036000000001,212.60000000000002
2797.9159999999997,203.9
1374.8299999999997,89.30000000000001
3274.8540000000003,232.10000000000002
2897.8459999999995,226.99999999999997
3631.150000000001,240.39999999999995
2368.75,160.79999999999998
3862.6410000000005,253.6
2501.551,164.6
671.643,43.6
2875.9320000000007,207.6
2996.3180000000007,251.20000000000002
2571.4680000000003,167.19999999999996
5158.509,364.20000000000005
1349.7369999999994,92.39999999999999
1359.73,88.5
4242.431,281.40000000000003
2434.582,174.1
4246.164,296.90000000000003
4759.642000000001,329.09999999999997
2306.8319999999994,171.6
3789.7979999999993,222.89999999999998
3521.4639999999986,274.5
5064.158000000001,367.39999999999986
1923.4930000000002,223.5
2826.931999999999,209.0
4010.1600000000003,284.1
1452.023,90.6
3501.8869999999993,234.0
3081.4970000000003,213.50000000000003
626.143,45.5
2942.612,191.99999999999997
2522.0779999999995,189.99999999999997
2190.076,151.9
727.5360000000001,47.900000000000006
4358.346,298.90000000000003
5786.116,387.69999999999993
5558.114000000002,396.89999999999986
1267.9489999999998,87.8
3999.898,281.80000000000007
3889.3250000000003,279.79999999999995
4561.966,320.4
3979.6420000000003,273.29999999999995
2569.1139999999996,172.50000000000003
3589.0950000000003,266.1
1094.649,72.8
3770.430999999999,208.60000000000002
3051.6309999999994,182.70000000000005
3981.7420000000006,280.59999999999997
3981.7420000000006,280.59999999999997
1825.5220000000002,133.6
3023.726,195.09999999999997
5390.680000000001,365.49999999999994
3572.819,332.7
4381.639,298.1
1047.0590000000002,71.39999999999999
3566.7639999999983,235.19999999999996
2195.3669999999997,162.7
4255.154000000002,313.9
2126.359,152.2
5211.8740000000025,377.70000000000005
2313.975,170.4
1807.4299999999998,118.39999999999998
617.532,40.2
1238.3829999999998,170.5
4607.658,328.3
4217.775999999999,258.1
3937.24,285.6
1917.3880000000001,176.39999999999998
4211.722,293.79999999999995
1268.0910000000001,84.60000000000001
3612.612,249.90000000000003
3927.0229999999997,271.90000000000003
3275.508,237.59999999999997
2538.907,172.5
711.7069999999999,49.599999999999994
4082.879999999999,281.8
1008.4369999999999,66.6
3768.474999999999,269.29999999999995
3544.12,258.99999999999994
1859.5010000000002,138.1
2723.8179999999998,174.49999999999997
2008.2910000000002,141.7
3728.28,266.6
2960.8950000000004,208.9
1867.3089999999997,123.90000000000002
1867.3089999999997,123.90000000000002
1856.013,122.09999999999998
480.112,32.199999999999996
1828.1100000000001,136.80000000000004
5079.954999999999,356.3999999999999
978.106,70.7
4574.449,327.6
1747.094,124.5
2622.412,191.20000000000005
959.7270000000002,65.5
2800.4469999999997,203.6
487.951,33.5
1633.974,118.6
3751.503,248.49999999999994
3841.627000000001,267.2
3251.9429999999998,309.7
3733.2840000000006,255.00000000000006
3171.5220000000004,228.70000000000002
1257.0249999999999,84.0
2561.933,186.0
2642.5009999999997,181.60000000000005
3988.046000000001,278.8
4784.663999999999,337.8999999999998
1836.9329999999998,128.9
2206.901,155.00000000000003
3177.559,219.4
1461.877,98.19999999999999
1074.107,71.10000000000001
3930.495,255.09999999999997
4074.221999999999,279.79999999999995
1722.5410000000002,123.60000000000002
1300.593,124.30000000000001
3681.2280000000005,246.99999999999997
5242.57,361.9
5595.236999999999,367.3999999999999
1014.0079999999999,76.0
1637.026,109.80000000000001
1040.7430000000002,77.7
2505.436,177.7
3372.391,238.99999999999997
2865.9270000000006,209.60000000000002
2380.243,159.9
2380.243,159.9
2972.4559999999997,212.40000000000003
677.354,43.99999999999999
3147.1580000000004,214.00000000000003
4243.546,251.50000000000003
1725.006,112.29999999999998
1352.0439999999999,97.9
5393.919000000001,372.09999999999985
1000.635,71.8
4895.576,305.90000000000003
1863.4189999999999,132.90000000000003
1127.951,75.1
2477.3790000000004,165.0
1952.471,133.1
1758.116,128.7
2881.994999999999,199.5
3710.8779999999983,253.6
2364.184,173.29999999999998
806.948,61.6
637.448,42.3
2349.0160000000005,156.70000000000002
2074.398,130.9
2745.297,187.99999999999997
2730.9889999999996,202.3
2598.9580000000005,190.4
843.715,60.6
1528.2559999999999,99.10000000000001
3022.773,203.70000000000002
4102.465999999999,268.09999999999997
4162.2080000000005,295.29999999999995
1919.391,130.7
3548.0449999999996,229.79999999999998
3234.8269999999998,238.60000000000002
3503.155000000001,245.39999999999998
3404.1739999999995,221.4
3567.5229999999992,254.1
1421.689,95.4
3727.0039999999995,269.20000000000005
2459.71,153.79999999999998
2270.777,161.5
1549.4660000000001,251.3
818.109,53.2
2769.7000000000003,176.0
5223.600999999999,378.59999999999997
4832.5289999999995,297.40000000000003
2300.6310000000003,158.3
4230.724999999999,243.0
3433.328000000001,250.29999999999995
2811.2589999999996,254.49999999999994
4038.706,269.70000000000005
4218.359,278.5
2111.9709999999995,157.89999999999998
2357.762,154.10000000000002
3713.219,270.6
3174.2819999999997,210.5
1686.6999999999996,116.69999999999999
281.61899999999997,18.400000000000002
4146.775000000001,290.79999999999995
4415.177,577.8999999999999
2821.9880000000003,190.09999999999997
2386.444,232.10000000000002
2280.790000000001,218.79999999999993
465.7630000000001,34.7
2634.609,148.6
1003.695,68.9
1310.1900000000003,93.0
3107.3889999999997,224.89999999999998
3486.0290000000005,239.29999999999995
4240.802,296.90000000000003
2867.2769999999996,189.30000000000004
2345.3039999999996,155.19999999999996
2367.9629999999997,172.1
1909.1,138.29999999999998
1619.1090000000002,105.5
1455.643,95.1
1842.6760000000002,132.1
2913.0509999999995,198.50000000000006
3899.948999999999,274.1
1430.819,91.80000000000001
4965.124999999999,353.2
2926.707,190.99999999999997
1704.0930000000005,121.70000000000002
1508.997,98.69999999999997
2331.0229999999997,169.39999999999998
618.955,40.4
4346.849,311.40000000000015
2175.936,146.10000000000002
2113.7550000000006,152.09999999999997
4278.224,277.70000000000005
1977.4199999999998,204.6
3055.5820000000003,215.19999999999996
5668.723000000002,403.69999999999993
256.053,16.7
1660.296,123.0
691.9630000000001,49.5
2525.173,180.20000000000005
4706.635000000001,329.99999999999994
1642.917,118.9
310.398,20.2
1878.9969999999998,127.3
1878.9969999999998,127.3
5623.742,379.8999999999999
1982.9179999999997,142.4
2371.8410000000003,235.6
5272.558,373.19999999999993
3106.701,220.99999999999997
2455.478,173.4
868.71,152.6
1551.078,104.69999999999996
1369.8759999999997,98.60000000000001
3830.0230000000006,214.6
2503.6800000000003,184.10000000000002
3146.259000000001,193.60000000000002
3221.682,200.29999999999998
1025.0230000000001,73.99999999999999
3423.9860000000003,290.9000000000001
3122.815,225.20000000000002
3219.9910000000004,222.79999999999993
978.568,71.8
3848.232,320.90000000000003
4615.304,304.1
2086.6820000000002,139.60000000000002
2316.1920000000005,157.2
694.249,49.099999999999994
1826.7599999999998,125.39999999999999
5077.017000000001,360.1
5298.919000000003,369.49999999999994
4389.7609999999995,256.5
4718.872,338.8999999999999
3643.754,255.29999999999998
5705.533,401.5999999999999
3873.43,274.0
4333.610000000001,290.9
2000.8309999999997,145.5
1867.893,156.2
1886.3999999999999,131.49999999999997
1530.0330000000004,118.10000000000001
694.6550000000001,48.99999999999999
2698.4850000000006,172.7
4670.768,317.50000000000006
4822.758000000001,341.49999999999994
2848.554,204.19999999999996
2479.8889999999997,163.89999999999998
2479.8889999999997,163.89999999999998
2974.582,299.8
2095.537,152.09999999999997
4226.5549999999985,235.7
1014.116,74.7
4359.043999999999,219.3
4177.328999999999,287.0
3562.4780000000005,238.1
4320.520000000001,314.00000000000006
3070.2489999999993,201.1
2257.252,169.39999999999998
453.701,33.0
4831.446,332.70000000000005
4199.794999999998,248.09999999999997
1945.7189999999998,142.5
5217.473,365.79999999999995
3322.9570000000003,231.5
1876.737,130.89999999999998
2473.120000000001,176.90000000000006
763.52,49.9
3519.282,229.8
3139.4339999999993,225.2
1122.3539999999998,73.8
3207.017999999999,240.0
4350.757000000001,309.7999999999999
887.9439999999998,57.9
3582.9740000000006,247.3
3310.4920000000006,234.90000000000003
1781.8270000000002,123.80000000000001
2645.2270000000003,228.7
3468.3380000000006,251.89999999999998
1288.931,88.39999999999999
3842.195,273.99999999999994
4265.708,297.59999999999997
1777.3540000000003,118.3
1742.904,126.1
3655.8579999999993,259.6
1363.4979999999998,88.60000000000001
4608.706,275.9000000000001
842.0050000000001,54.3
2584.7019999999998,237.7
2122.995,226.9
3302.471,227.60000000000002
3005.851,212.10000000000005
2370.3600000000006,173.2
4010.224000000001,318.9
4874.027,366.1000000000001
4554.898999999999,326.80000000000007
3917.157,275.49999999999994
4063.151,281.59999999999997
3686.808000000001,236.29999999999995
1434.7970000000003,101.7
4300.084999999999,310.90000000000003
3374.661,241.79999999999995
2621.080999999999,179.00000000000003
4401.608000000001,273.6
558.7990000000001,92.4
2013.4560000000001,148.40000000000003
4872.889000000003,329.59999999999997
3690.9300000000007,256.49999999999994
5083.9259999999995,356.70000000000005
3492.670000000001,241.60000000000002
1572.0559999999998,95.6
3451.955,243.9
2982.2759999999994,197.9
844.387,56.599999999999994
4683.991,311.2999999999999
4934.705999999998,347.9
4794.285000000001,325.40000000000003
2169.908,155.99999999999994
2503.275,171.2
2427.7799999999993,160.60000000000002
2325.5659999999993,168.89999999999998
3740.0520000000006,265.70000000000005
4008.973,279.7999999999999
4371.0160000000005,314.00000000000006
5237.686,333.9
908.434,66.5
2816.4170000000013,169.0
3933.3079999999995,275.29999999999995
910.772,60.79999999999999
3104.8379999999997,226.70000000000007
587.269,38.099999999999994
624.1400000000001,41.4
2451.44,160.90000000000003
4981.8460000000005,352.09999999999997
2022.9669999999999,132.20000000000002
1182.682,82.69999999999999
2687.9150000000004,156.5
2408.522,171.89999999999998
4095.451999999999,301.2000000000001
4029.7419999999993,281.80000000000007
3953.6330000000003,281.0
2546.9180000000006,179.70000000000005
1682.7070000000003,115.4
4801.550999999999,346.70000000000005
2241.2209999999995,161.79999999999998
2094.9429999999998,172.50000000000003
5344.385999999999,345.8999999999999
4615.949000000001,312.29999999999995
2426.199,165.0
2944.1029999999996,201.49999999999997
2018.575,135.30000000000004
2391.8340000000007,165.90000000000003
4146.065999999999,230.5
2532.84,179.6
2725.9040000000005,164.1
2681.271,181.2
4003.3900000000012,282.9
1551.388,104.8
1576.9430000000002,112.50000000000004
4597.502,327.2
3529.828999999999,250.29999999999998
4320.064000000002,308.6999999999999
3772.157,261.0
222.909,16.9
4983.535000000002,316.79999999999995
3771.0520000000006,261.40000000000003
3614.678,252.3
1570.6750000000002,104.69999999999999
3633.665,249.39999999999995
1862.5950000000003,130.0
2699.9150000000004,174.3
2081.3500000000004,141.1
1630.5790000000002,112.89999999999999
2336.0289999999995,161.20000000000005
1416.8149999999998,100.69999999999997
3947.0960000000005,257.90000000000003
5789.3200000000015,366.09999999999997
3216.2770000000005,183.40000000000003
2591.789999999999,191.10000000000002
4615.1140000000005,326.00000000000006
3780.084,247.20000000000002
4080.3409999999994,293.50000000000006
2669.9710000000005,190.39999999999998
1840.4559999999994,123.7
2994.7090000000007,210.90000000000003
2898.848999999999,215.3
2559.391,177.99999999999997
635.233,41.400000000000006
1815.748,130.0
3339.9539999999997,238.09999999999997
2703.465,199.70000000000002
5110.375999999999,342.0
4962.682,347.1000000000001
523.3729999999999,98.5
2370.6839999999997,156.3
1146.004,82.69999999999999
4007.2279999999996,267.5
5548.7080000000005,387.49999999999994
4899.7649999999985,347.4
5262.454999999998,375.4
3145.2810000000004,211.79999999999998
2016.911,144.9
3481.685,188.90000000000003
2083.444,136.8
4948.518999999998,346.2
4121.809000000001,274.0
5174.7210000000005,372.89999999999986
3878.899999999999,276.20000000000005
1925.0529999999999,127.60000000000004
4858.935,339.6
2229.941,163.00000000000003
3807.987,275.4999999999999
4458.558999999999,303.9999999999999
2518.9600000000005,170.49999999999997
3126.9250000000006,198.60000000000002
1563.577,116.8
4325.4529999999995,308.9
4854.267,344.10000000000014
3018.1270000000004,214.59999999999997
2075.4559999999997,141.79999999999998
5727.784999999999,369.09999999999997
5258.963000000001,357.9
1023.808,66.69999999999999
1501.3819999999998,106.4
4508.671000000001,319.9999999999999
3683.611000000001,242.00000000000006
5316.473000000001,384.5999999999999
740.8480000000001,48.199999999999996
770.4359999999999,57.400000000000006
4282.8369999999995,244.3
2649.725,177.50000000000003
2395.292,179.59999999999997
4698.308000000001,337.49999999999983
1763.339,164.79999999999998
4938.371999999999,351.6
3568.4410000000007,251.49999999999994
4090.3489999999997,230.4
335.25699999999995,23.200000000000003
2430.2750000000005,181.29999999999998
2404.1859999999997,174.2
4204.948,284.6
2015.6130000000003,205.8
2015.6130000000003,205.8
3871.1029999999996,277.29999999999995
3923.523,275.99999999999994
4180.939,303.79999999999995
2789.222,182.60000000000002
3499.686,254.79999999999995
2500.611,161.9
4006.0969999999998,273.00000000000006
3136.2970000000005,224.10000000000002
2983.8599999999997,207.3
3170.91,197.09999999999997
4030.4869999999987,267.40000000000003
3732.1690000000012,263.5
279.59000000000003,42.8
2751.864,195.70000000000002
4104.246999999999,269.9
1130.291,73.50000000000001
4368.067999999999,303.19999999999993
3365.6289999999995,242.79999999999998
3386.521000000001,231.89999999999998
1799.763,119.10000000000004
584.7429999999999,41.6
816.666,53.3
816.666,53.3
5371.899,360.2999999999999
5967.422000000002,399.2
3923.8519999999994,261.2
1050.6529999999998,68.7
3016.6159999999995,221.79999999999998
4029.9699999999993,266.99999999999994
952.8360000000001,68.2
2604.464,191.79999999999998
4378.182000000001,296.3999999999999
3615.096999999999,238.5
2478.18,168.8
3669.8879999999995,264.90000000000003
2233.471,154.59999999999997
4545.503999999998,324.69999999999993
2052.019,143.39999999999998
3428.8280000000004,240.5
2843.7100000000005,200.70000000000005
2079.864,144.0
3286.82,232.9
4583.9619999999995,321.89999999999986
2681.2999999999997,169.3
2624.2570000000005,177.40000000000006
6295.397000000001,418.89999999999986
4737.522000000001,338.59999999999997
3492.719999999999,251.49999999999994
1372.371,92.49999999999997
2162.1170000000006,147.29999999999998
3628.0739999999996,262.8
3597.9739999999993,198.4
2679.446,189.7
215.721,14.1
2735.4060000000004,186.90000000000003
2490.835,179.1
3626.0650000000005,247.3
4043.7799999999997,279.50000000000006
1895.524,141.6
1707.82,118.29999999999998
3344.5999999999995,223.80000000000004
1898.969,112.1
3094.809,207.8
1534.55,111.80000000000001
2843.611,186.9
1254.399,81.2
3780.6040000000003,267.4
1633.2809999999997,117.40000000000002
0.0,0.0
4270.779,304.80000000000007
5297.298000000001,375.30000000000007
302.063,19.6
429.356,29.4
4234.245999999999,302.7
4640.4760000000015,316.59999999999985
3643.2400000000007,258.5
3214.851,221.30000000000004
1666.6559999999997,113.40000000000002
1536.517,115.00000000000001
1606.864,91.39999999999999
4273.905999999999,299.79999999999995
3209.913,221.0
2214.173,147.2
3099.0260000000003,203.39999999999998
3727.2159999999994,247.69999999999996
3033.542,213.4
2515.4860000000003,183.79999999999998
2614.4559999999997,176.70000000000005
1554.9369999999997,116.8
1785.9439999999995,215.79999999999998
4700.652,363.09999999999997
2167.1339999999996,143.29999999999998
2408.1020000000003,168.10000000000002
1051.147,81.0
2788.4249999999997,183.8
2533.32,199.3
3638.811,252.9
2892.111999999999,216.00000000000006
3135.2299999999996,186.90000000000003
2760.0589999999997,204.2
2787.858,199.00000000000003
2253.838,158.0
5164.248000000001,296.5
2931.7500000000005,195.09999999999997
4159.619,234.90000000000003
806.692,55.4
4053.8050000000007,292.4
5304.8910000000005,380.4999999999999
2975.0720000000006,215.49999999999997
4619.3139999999985,321.6
1538.5929999999998,106.7
3460.599,235.09999999999997
1223.9350000000002,91.3
2222.2059999999997,153.7
2856.9479999999994,208.89999999999995
1022.271,70.2
1775.3599999999997,131.4
3393.1009999999997,232.7
4094.7490000000007,280.49999999999994
4344.6309999999985,302.0
1766.99,126.50000000000003
1804.7379999999998,133.6
2046.0879999999997,137.70000000000002
4696.330999999999,313.9
4848.307,341.8
3749.2749999999996,249.10000000000002
3079.913,199.79999999999998
3230.3630000000003,211.09999999999997
466.183,32.9
1392.441,103.10000000000001
5617.938999999999,379.4
3641.8809999999994,245.69999999999996
4998.078999999999,330.8
4644.276999999999,256.70000000000005
2139.718,138.30000000000004
3441.9459999999995,249.79999999999998
1543.742,104.30000000000001
4622.926,333.00000000000006
290.43,21.6
4444.989999999999,305.19999999999993
3188.2480000000014,222.50000000000006
175.17700000000002,13.100000000000001
3288.2960000000003,207.89999999999998
2054.275,139.2
3010.6119999999996,279.09999999999997
2663.285999999999,181.9
4974.075000000001,353.5999999999999
4644.695999999997,307.8
4960.563000000001,353.6999999999999
3490.242,250.09999999999997
1401.001,95.5
5393.519,464.4999999999999
4191.137,299.4999999999999
3401.1520000000005,245.79999999999998
1545.104,115.39999999999999
3882.383999999999,283.2
2974.320000000001,209.4
2820.2809999999995,187.60000000000002
3762.2790000000005,262.8
2962.8130000000006,205.59999999999997
5932.7789999999995,340.7
2198.5280000000002,150.29999999999995
2551.0780000000004,166.5
2551.0780000000004,166.5
2627.1679999999997,186.0
4745.263999999999,340.1
903.758,59.00000000000001
4510.461000000001,317.2999999999999
1363.254,92.80000000000001
1833.3639999999998,126.4
568.472,38.5
4315.763000000001,287.59999999999997
2031.2030000000002,141.99999999999997
3223.5179999999996,207.29999999999998
961.7729999999999,91.7
4326.981,301.50000000000006
2630.446,202.8
4045.3529999999996,276.5
1052.765,72.8
3707.197,246.2
3406.699,225.69999999999996
5244.866999999998,294.70000000000005
852.8450000000001,55.9
385.989,25.199999999999996
1267.0529999999999,127.70000000000002
3314.05,245.39999999999992
3434.059,202.1
1080.753,129.79999999999998
1688.8070000000002,119.9
3661.1049999999996,261.3
2469.1030000000005,172.10000000000002
530.634,35.2
2298.3129999999996,152.9
5422.016999999999,306.20000000000005
3954.8639999999996,281.7000000000001
4245.368,297.9
2529.635,180.29999999999995
4377.55,317.2
2438.941999999999,154.8
2754.2839999999997,185.99999999999997
2859.1550000000007,185.7
2548.681,190.3
1349.767,110.49999999999999
3683.103000000001,253.99999999999991
2016.7209999999998,140.8
4059.8269999999998,295.29999999999995
1990.738,135.5
2420.7589999999996,162.1
463.08799999999997,32.5
1427.7389999999998,98.50000000000001
2580.473,190.10000000000002
578.026,45.6
3159.49,214.20000000000002
2418.2929999999997,232.9
2318.318,161.29999999999998
5550.756,487.89999999999986
227.62800000000001,14.700000000000001
1881.9560000000001,131.49999999999997
2509.3320000000003,173.99999999999997
2032.908,149.7
2769.5480000000002,201.70000000000002
3663.4649999999992,257.40000000000003
2561.830000000001,186.89999999999998
2223.7400000000002,136.1
2797.1690000000003,143.6
1540.9930000000002,135.10000000000002
1540.9930000000002,135.10000000000002
880.549,57.4
4789.023999999999,330.3999999999999
1903.7290000000003,126.8
5226.254999999999,371.30000000000007
2430.446,174.10000000000002
1606.5489999999998,105.3
1324.8039999999999,95.90000000000003
2952.975999999999,229.89999999999998
989.3399999999999,64.2
4763.028,336.5999999999999
1323.3780000000002,87.80000000000001
4622.3780000000015,283.59999999999997
4005.437000000001,289.0999999999999
1825.5980000000002,129.0
4353.500000000001,314.9000000000001
2554.4439999999995,175.40000000000006
4642.834999999998,247.20000000000005
3082.706,167.70000000000002
2852.5700000000006,211.2
4090.991,290.99999999999994
2886.365000000001,200.30000000000004
2985.8,216.90000000000003
2189.733,151.3
1027.995,66.8
4345.862999999999,277.2000000000001
2745.927,190.69999999999996
2210.761,155.00000000000003
3757.069,257.6
3334.977,244.89999999999998
3691.0659999999993,262.8
4740.513999999999,343.0999999999999
2252.279,167.20000000000002
511.695,34.6
562.4060000000001,37.00000000000001
4070.7889999999998,279.90000000000003
4056.0890000000004,227.10000000000002
4354.393999999999,286.3999999999999
3245.411,234.79999999999995
4356.611,314.3
4356.611,314.3
2134.568,143.0
3411.137,243.1
3628.044999999999,270.4000000000001
2931.42,227.99999999999997
1421.173,108.19999999999999
971.211,72.39999999999999
2200.33,214.70000000000002
111.457,7.3
4456.505000000001,317.69999999999993
2689.673,184.70000000000002
2971.256,207.8
2198.539,129.4
2679.897,217.9
1846.0210000000002,124.0
4684.850999999999,324.2000000000001
3170.254999999999,265.0
2051.002,164.2
3314.4040000000014,237.89999999999995
2506.533,232.50000000000006
3788.736,270.9
5068.678,332.99999999999994
2856.7509999999997,204.10000000000008
307.92900000000003,21.5
2674.4780000000005,178.69999999999996
3526.939,252.5
1283.6100000000001,93.39999999999999
2932.156,209.89999999999995
3619.9970000000008,257.4
2012.0849999999998,142.79999999999998
5018.140000000001,290.2
2346.221,170.20000000000002
3563.19,280.29999999999995
552.6419999999999,41.099999999999994
4770.657000000001,338.8999999999999
2272.0289999999995,166.2
565.433,36.800000000000004
3693.5170000000003,265.2
3912.303,276.29999999999995
1743.4669999999999,116.7
1669.629,124.5
2936.6030000000005,202.60000000000002
2964.7299999999996,214.29999999999998
4137.954,288.69999999999993
3371.824,242.00000000000009
2544.252000000001,172.00000000000003
3185.467,222.70000000000005
1174.493,76.50000000000001
1871.238,128.9
424.666,92.4
2296.231,168.49999999999997
2867.7510000000007,206.70000000000002
2457.759,176.9
1613.2939999999999,109.10000000000001
4954.687,351.5
3918.554999999999,322.6
3772.007999999999,216.2
6606.800999999999,696.4
1058.159,68.2
4904.397000000002,264.7
2174.1540000000005,164.7
2026.649,139.8
594.1600000000001,38.599999999999994
1712.935,112.7
5021.127,331.99999999999994
3708.1659999999993,272.80000000000007
4009.8469999999993,278.2
2995.5570000000002,209.99999999999994
2183.381,205.90000000000003
3137.7290000000003,209.69999999999996
1145.2309999999998,77.8
4693.192999999999,317.90000000000003
1965.644,128.9
588.8149999999999,38.099999999999994
1562.3429999999998,101.8
1362.0020000000002,96.79999999999998
3298.773,176.30000000000004
2033.8360000000005,142.7
4497.808,317.7999999999999
767.687,50.400000000000006
338.47900000000004,20.599999999999998
2800.25,187.10000000000002
3620.4739999999997,247.8
2498.648,155.4
3206.178,238.50000000000006
1072.9639999999997,131.6
2840.6170000000006,207.3
2401.112,159.9
2379.748000000001,179.00000000000003
3122.468,222.70000000000002
4543.217000000001,304.99999999999994
4502.503000000001,486.5
967.5870000000001,63.00000000000001
2328.8299999999995,185.8
4010.187999999999,257.0
2465.178,170.1
5229.341,366.0999999999998
1771.51,123.20000000000002
4807.930000000001,322.29999999999995
1079.738,78.7
2095.383,151.09999999999997
1040.289,69.2
5928.293,363.2
1874.9310000000003,227.89999999999998
1295.3550000000002,86.49999999999999
4925.699000000001,344.9
4818.747,316.90000000000003
1147.7830000000001,81.4
864.4409999999999,58.6
1429.278,92.3
1585.4610000000002,101.80000000000003
1454.515,95.30000000000001
5195.264000000001,363.49999999999983
1730.57,124.9
4398.183,256.6
4488.948,320.40000000000003
2863.7129999999997,209.50000000000009
558.425,37.3
4256.066000000001,301.09999999999997
292.112,19.1
4907.835000000001,328.5
3442.385000000001,232.39999999999998
4554.386,319.6000000000001
841.4289999999999,54.49999999999999
3676.2379999999994,202.10000000000005
1892.0049999999999,140.1
1507.106,102.69999999999999
1574.8099999999997,106.50000000000003
3641.9290000000005,255.2
181.89,11.9
2328.5039999999995,161.10000000000002
4113.7429999999995,295.19999999999993
3768.4320000000002,252.09999999999997
2268.7200000000003,153.7
1603.229,103.0
3835.44,277.7
4213.38,214.6
3825.5199999999995,284.99999999999994
3566.126,254.29999999999998
3930.2329999999997,202.1
4238.119,288.10000000000014
3416.027999999999,237.10000000000002
4513.7570000000005,319.3999999999999
2744.534,191.20000000000002
979.8860000000001,69.2
5547.572999999999,335.59999999999997
1217.0120000000002,78.7
3180.521,225.10000000000002
2597.4120000000007,185.89999999999998
4059.1600000000003,273.1
2771.645000000001,177.8
1755.4969999999996,116.09999999999998
1783.2229999999995,123.70000000000002
2860.3979999999992,223.8
2981.333,219.49999999999997
3214.288,228.79999999999993
3214.288,228.79999999999993
5435.913000000001,388.89999999999986
4839.2339999999995,302.8999999999999
1436.425,100.19999999999999
2012.3120000000004,188.90000000000003
3010.075000000001,195.5
3437.628000000001,225.7
2566.069,180.10000000000005
1076.317,80.39999999999999
1088.509,125.1
1745.604,121.10000000000001
4114.926,278.90000000000003
4923.137,340.6
4325.289000000001,302.79999999999995
4080.122,286.3
2720.5080000000003,182.2
3619.0769999999998,253.7
4486.742000000001,306.0000000000001
3319.4539999999997,234.7
1123.944,77.2
2860.4049999999997,201.50000000000003
3829.194000000001,272.5
3990.8800000000006,286.0999999999999
3105.4469999999997,202.59999999999997
3750.378999999999,274.40000000000003
3147.4019999999996,249.4
4019.9470000000006,271.79999999999995
1852.5819999999997,122.3
3212.459999999999,220.60000000000002
903.3230000000001,63.099999999999994
2320.4519999999998,165.29999999999995
4207.420999999999,296.7
3849.991000000001,268.0
1496.865,100.79999999999998
2687.7719999999995,176.7
3053.571,195.9
1785.0120000000002,126.1
1594.4730000000004,102.6
4507.941,315.2
1211.077,86.70000000000002
4283.905,295.2
2555.579,167.6
4937.931999999999,325.4
372.87200000000007,24.200000000000003
1134.1400000000003,72.80000000000001
4065.0039999999995,267.6
3675.8729999999996,267.1
3013.8590000000004,217.89999999999998
3300.315,240.99999999999997
3348.7960000000003,242.0
1514.3960000000002,103.0
2639.937,172.10000000000002
2869.596,208.99999999999997
1745.9429999999998,115.00000000000001
3102.1109999999994,212.70000000000002
3264.218,225.10000000000002
2333.9030000000002,161.29999999999998
4382.513,321.30000000000007
2478.122,132.9
5413.267000000003,377.0999999999998
2459.1899999999996,181.90000000000003
2008.2540000000004,135.1
3840.0730000000003,265.6
1018.1339999999999,69.0
726.001,49.60000000000001
5135.635000000001,369.7999999999999
2517.891,187.70000000000002
3472.5570000000002,228.59999999999997
2689.865,194.79999999999995
3060.3409999999994,215.9
1573.5569999999998,110.9
4519.574,298.4
2811.0280000000002,196.20000000000002
4415.332,291.20000000000005
4089.2440000000006,262.59999999999997
1642.2570000000003,115.19999999999999
5340.678,341.1
927.6649999999998,60.4
3151.766,259.20000000000005
5148.2210000000005,359.59999999999997
1423.787,98.29999999999998
889.1759999999999,61.900000000000006
3749.5459999999994,273.50000000000006
1452.623,103.69999999999999
4311.805000000001,310.69999999999993
3820.4289999999996,269.79999999999995
5877.149,353.19999999999993
4422.222000000001,300.5
4638.561000000001,333.09999999999997
2215.8690000000006,161.50000000000003
3041.3489999999997,210.89999999999995
4599.122000000002,345.90000000000003
2253.352,161.89999999999998
3955.311000000001,265.9
2151.0139999999997,305.59999999999997
1080.509,77.6
3442.6369999999997,256.8999999999999
2663.089,198.3
1630.025,108.29999999999998
2813.735,145.3
2445.484,160.6
2275.52,157.69999999999996
1133.65,74.8
672.571,48.7
3023.481,198.3
3299.3649999999993,239.29999999999998
1486.9679999999998,108.10000000000001
2999.6250000000005,204.10000000000005
1666.2100000000003,121.70000000000002
3514.1130000000003,282.19999999999993
2361.2799999999997,141.1
1960.423,141.1
926.591,60.40000000000001
3554.7720000000004,238.99999999999997
2348.3190000000004,155.90000000000003
2348.3190000000004,155.90000000000003
706.03,47.800000000000004
706.03,47.800000000000004
1288.6470000000002,84.3
1315.3739999999998,91.7
2116.4429999999998,146.4
869.6089999999998,57.5
869.6089999999998,57.5
3484.0239999999994,249.3
2598.4419999999996,213.40000000000003
4083.1820000000002,276.8
1432.311,94.60000000000002
1886.417,136.7
3468.9029999999993,188.8
1317.724,85.8
2515.638,184.50000000000003
354.025,23.0
1237.053,85.19999999999999
4157.494,289.6999999999999
1939.7049999999995,144.9
6475.293999999998,425.1000000000001
4640.5869999999995,334.5000000000001
2499.35,176.50000000000003
1108.248,76.0
853.8230000000002,57.800000000000004
853.8230000000002,57.800000000000004
4048.211,277.59999999999997
2970.9009999999994,221.59999999999997
2302.802,165.10000000000005
3825.257,260.9000000000001
853.864,55.6
2043.9410000000003,132.9
1946.7220000000002,128.6
3881.3520000000008,264.6
2790.5760000000005,203.50000000000003
4945.181999999999,338.7
1391.08,92.6
2828.4660000000003,197.5
3625.2050000000004,252.50000000000003
3573.0159999999996,259.09999999999997
3951.74,349.1
3092.237,220.89999999999998
4111.588,281.9
3734.547,270.29999999999995
169.471,12.7
3376.5370000000003,232.09999999999997
5071.405000000002,358.5
647.691,45.4
5818.025,399.8999999999999
2899.7100000000005,211.8
3400.304,243.3
2757.3120000000004,203.89999999999998
3500.8419999999996,233.79999999999998
4627.891000000001,319.89999999999986
1543.579,106.1
1260.8400000000001,82.3
865.2069999999999,62.199999999999996
2719.7750000000005,191.19999999999996
1397.369,90.60000000000001
2466.755000000001,167.39999999999998
341.421,22.900000000000002
4275.101,311.50000000000006
891.344,61.99999999999999
1537.491,104.6
949.867,62.2
4129.325000000001,280.80000000000007
4681.173000000001,330.49999999999994
937.722,61.0
3679.2149999999992,273.8000000000001
2079.6980000000003,140.5
2287.893,155.10000000000002
381.947,25.0
5495.93,446.29999999999995
1096.3490000000002,82.5
3992.886,293.09999999999997
1051.184,76.09999999999998
2184.291,150.8
4862.067999999999,344.5999999999999
3830.201,250.39999999999995
3871.2999999999997,279.3
4208.955,306.9999999999999
2069.828,157.50000000000003
901.9450000000002,58.89999999999999
4692.5199999999995,338.00000000000006
3982.467,278.1
235.481,16.2
1146.338,85.5
3731.0929999999994,272.3
583.391,43.5
3709.173,238.09999999999994
1363.7259999999997,189.50000000000003
1849.45,124.3
3698.427999999999,262.6
4241.224999999999,289.19999999999993
3515.7119999999995,255.99999999999997
3515.7119999999995,255.99999999999997
1657.4169999999997,115.80000000000004
2915.8590000000004,209.70000000000002
1270.5520000000001,85.0
3310.0029999999997,242.80000000000007
2751.9769999999994,199.59999999999997
1937.4920000000002,134.0
5358.335999999999,455.29999999999995
2821.846,203.7
2537.075,172.70000000000002
530.966,34.5
1517.9,104.79999999999997
1072.042,80.2
2567.129,194.0
2044.6589999999999,144.70000000000002
4463.242000000002,308.8999999999999
4240.215000000001,304.69999999999993
4731.842000000001,310.29999999999995
3915.239,278.4
2265.2679999999996,221.2
2159.964,153.90000000000006
1191.909,81.89999999999999
2115.439,142.09999999999997
2543.787,185.30000000000004
2003.147,139.29999999999998
2394.436,175.8
3652.413,263.6
3546.7919999999995,243.29999999999998
4233.415000000001,297.19999999999993
3866.373999999999,261.30000000000007
806.4499999999999,60.1
3566.5860000000002,258.2
4476.503000000001,317.09999999999997
2707.989,178.30000000000004
1244.461,87.50000000000001
2610.3979999999997,286.6
4309.054,292.1
409.86400000000003,97.00000000000001
3377.6500000000005,265.0
2625.639,160.50000000000003
835.6199999999999,57.89999999999999
1520.665,108.0
2591.129,188.4
1974.8359999999998,129.9
4219.043,302.90000000000003
4500.471,327.70000000000005
3948.567999999999,280.0
4055.3730000000005,264.59999999999997
4105.523999999999,265.0
3876.8629999999994,285.90000000000003
5661.251999999998,385.1
83.734,5.4
4289.8420000000015,298.70000000000005
1718.421,112.8
1718.421,112.8
2208.032,152.8
3944.533,203.6
2340.4859999999994,170.0
2600.961,201.8
2328.547,162.79999999999998
3894.96,258.4
2638.599,177.20000000000002
1261.6899999999998,90.60000000000004
2067.977,137.90000000000003
3688.5769999999993,243.4
1500.9940000000001,101.89999999999999
4492.460000000001,305.9
3632.590999999999,261.1
1706.3449999999998,117.09999999999998
578.5649999999999,37.6
1346.9279999999999,183.5
4531.913,287.8
5402.172999999999,392.0999999999999
2123.9709999999995,146.9
5833.778000000002,414.09999999999997
3512.8379999999997,259.5
3174.1769999999997,256.6
2945.525,218.29999999999998
2945.525,218.29999999999998
4303.7660000000005,284.59999999999997
2385.4929999999995,179.5
3207.877,237.89999999999995
1743.648,120.0
2621.614,175.0
3631.5699999999997,248.19999999999996
3880.349999999999,224.70000000000002
4855.151999999999,330.1
3759.5979999999995,211.70000000000002
2307.3489999999997,171.49999999999997
1930.507,123.70000000000002
2193.052,143.5
3507.3179999999998,249.59999999999997
2319.406,148.6
4057.492999999999,282.4
3833.428000000001,271.89999999999986
2425.5779999999995,171.10000000000002
2603.8099999999995,194.29999999999998
4032.215,266.8999999999999
1802.344,126.29999999999998
4345.552,305.1
3660.4019999999996,339.6999999999999
3119.2440000000006,215.3
516.377,33.6
2799.7020000000007,193.5
966.3039999999999,69.99999999999999
3228.318,236.59999999999997
1788.1589999999999,127.19999999999999
3274.385999999999,230.00000000000006
2150.006,181.1
3225.4519999999993,225.6
3159.586,230.69999999999996
2351.5550000000003,153.6
4380.248000000001,311.5999999999999
5238.744999999999,346.9999999999999
3424.043999999999,235.7
3149.649,234.10000000000005
1939.153,133.1
3899.0409999999993,266.8
3861.9880000000003,256.6
639.591,41.5
403.87399999999997,28.6
2497.612,172.39999999999998
2421.9480000000003,179.4
1944.6380000000001,146.1
3896.484,252.79999999999998
4060.5440000000003,287.70000000000005
2487.344,171.7
4674.901000000001,328.79999999999995
3072.7539999999995,204.59999999999997
662.6700000000001,83.2
1217.405,80.39999999999999
1862.0670000000002,136.89999999999998
2285.2,162.49999999999997
2859.728999999999,193.60000000000002
548.634,36.0
1017.872,65.60000000000001
1450.3580000000002,94.60000000000001
4729.121000000001,288.59999999999997
595.0500000000001,41.5
3279.848,248.29999999999995
3099.7519999999995,233.2
931.18,69.4
3161.9849999999997,234.60000000000005
4549.096,328.59999999999997
4058.1819999999993,301.20000000000005
4799.116999999999,289.7
1749.4919999999995,130.2
4696.969000000001,312.0999999999999
2124.0490000000004,141.70000000000002
4568.896999999999,323.7
990.98,72.7
3681.404,268.2
350.03700000000003,22.7
4737.226,319.9000000000001
171.656,12.0
5139.793999999999,359.7
2565.833,173.0
2558.0660000000003,134.5
5097.839000000002,365.50000000000006
2257.497,175.49999999999997
2079.483,155.2
1187.989,80.7
1695.0980000000002,159.99999999999994
5587.720999999999,386.90000000000003
2543.3110000000006,165.50000000000003
5238.691999999999,380.79999999999995
5224.459000000001,333.6
706.239,45.099999999999994
3140.9359999999992,209.39999999999998
1950.9559999999997,148.6
3675.7559999999994,268.4
3290.761,203.1
3290.761,203.1
646.825,47.7
2187.143,158.99999999999997
1103.231,80.20000000000002
4823.967,321.99999999999994
2850.4089999999997,213.39999999999998
727.2120000000001,54.60000000000001
3956.691,251.39999999999995
1535.044,114.20000000000002
1701.051,133.79999999999998
3084.0259999999994,209.9
1276.73,83.2
2053.504,142.9
4923.884,350.7
1779.1420000000003,115.0
1290.1779999999999,91.1
2210.8070000000002,163.99999999999997
4311.861,274.40000000000003
2829.3249999999994,199.20000000000002
1012.3709999999998,72.2
3296.1880000000006,235.59999999999997
4389.7880000000005,299.0
2016.0719999999997,212.49999999999997
1135.5220000000002,80.10000000000001
3850.323000000001,272.0
3597.872,268.4
1331.284,98.6
1936.929,131.1
3825.291,226.2
4681.089,341.90000000000003
2596.672,177.60000000000002
1806.31,134.9
4280.54,307.1000000000001
3350.890000000001,226.99999999999994
485.149,34.0
4927.932000000002,358.9
3535.8149999999996,247.49999999999994
350.426,24.4
445.117,28.9
3208.2700000000004,246.1
3215.3649999999993,232.60000000000002
608.361,42.4
1660.075,120.40000000000002
2966.5009999999993,199.8
5607.085999999998,368.09999999999985
2580.8579999999993,197.40000000000003
3546.8559999999998,248.40000000000003
5557.359000000001,392.3
5567.061000000001,412.2000000000001
3322.523,237.1
3722.031000000001,314.1999999999999
913.4970000000001,61.09999999999999
3154.8430000000003,216.8
773.4039999999999,52.300000000000004
3978.4669999999996,286.8
2673.4249999999993,174.8
2974.308,218.10000000000002
956.949,98.59999999999998
4817.321999999999,348.4
3253.259,215.10000000000005
4454.16,263.1
1110.424,72.1
2761.374999999999,204.7
2916.885,191.7
1897.4959999999999,133.3
1638.609,111.00000000000001
2113.9010000000003,139.60000000000002
2829.0260000000003,207.29999999999995
4272.106000000001,303.0
4429.099999999999,284.79999999999995
1502.5639999999999,108.60000000000001
2895.621,191.70000000000002
1764.445,181.60000000000002
1447.489,93.49999999999999
1046.429,73.9
5557.893999999999,365.69999999999993
4738.935999999999,329.40000000000003
1527.122,101.7
5120.084,363.1000000000001
3344.5159999999996,238.59999999999997
3344.5159999999996,238.59999999999997
4344.3189999999995,314.09999999999997
478.736,30.9
4314.38,295.49999999999994
4060.689,217.0
1619.5949999999993,110.00000000000004
1414.6509999999998,93.69999999999999
4515.664000000002,309.3
2704.4169999999995,192.29999999999998
3565.360999999999,193.10000000000005
571.624,40.1
3350.307,185.4
496.40299999999996,32.3
2922.1159999999995,205.1
4463.378999999999,300.20000000000005
5104.967999999998,329.3
5370.500999999999,357.70000000000005
4316.530999999999,304.4
4486.6900000000005,262.7
5232.841,352.29999999999995
4195.880999999999,306.69999999999993
1744.8329999999999,116.70000000000002
5529.274000000001,466.8999999999998
2254.508,168.4
2673.0860000000002,190.8
3102.0699999999997,221.60000000000002
2600.936,182.2
3234.433,238.80000000000004
2646.44,176.1
3142.9170000000004,232.9
1349.3709999999999,94.0
3469.3829999999994,229.3
1126.297,81.39999999999999
2629.1090000000004,178.60000000000002
2194.823,144.9
3562.1719999999996,243.3
3984.4200000000005,278.99999999999994
2021.25,150.5
4381.245,308.19999999999993
1754.0819999999999,118.89999999999998
945.1429999999999,64.1
3386.615000000001,335.29999999999984
4016.3779999999997,275.79999999999995
1403.9890000000003,91.10000000000001
4099.518000000001,273.90000000000003
459.671,29.7
1129.098,81.1
4833.669999999998,289.0
1835.887,130.8
5120.297,368.0
3491.1559999999995,258.6000000000001
5373.242000000001,349.4
1887.7330000000002,121.69999999999999
4627.032999999999,286.90000000000003
1445.614,100.0
2871.2309999999998,191.50000000000006
2220.576,160.3
3276.5269999999996,219.8
3249.210000000001,213.10000000000005
2588.673,212.70000000000005
963.4720000000001,62.6
2207.656,163.40000000000003
4902.835999999999,369.0
2010.1789999999999,147.3
4569.164000000001,341.7999999999999
4171.403,284.8
2593.571,179.0
2770.8909999999996,196.2
1681.619,124.00000000000003
1312.4300000000003,86.4
2764.254999999999,197.90000000000006
2586.4780000000005,183.69999999999996
3465.5009999999997,252.1
1839.5149999999996,121.00000000000001
2717.3640000000005,182.80000000000004
5690.016,395.8999999999999
2513.406,165.2
3294.699999999999,218.79999999999995
1991.463,141.29999999999998
1078.2,76.3
3818.0870000000004,260.50000000000006
5205.937999999998,375.3
3583.7599999999993,255.8
2945.8079999999995,193.30000000000004
2775.3140000000008,180.2
2963.137000000001,205.80000000000004
2722.7639999999997,196.89999999999998
4528.76,306.6000000000001
1703.418,110.69999999999999
3827.540999999999,249.89999999999998
1255.4279999999999,81.99999999999999
3013.6700000000005,188.89999999999995
2654.7780000000002,188.70000000000002
1458.2880000000002,101.49999999999997
4509.560000000001,321.99999999999994
3794.5209999999993,314.4
3048.9009999999994,215.69999999999993
960.976,66.69999999999999
3506.732,234.30000000000004
1796.566,120.90000000000002
1775.1239999999996,116.19999999999997
3397.5449999999996,221.9
2412.098,178.49999999999997
4075.539999999999,279.1
1206.719,81.1
648.527,45.3
2589.2120000000004,175.20000000000005
3771.0289999999995,281.7
3560.6580000000004,254.4
4038.5559999999996,291.59999999999997
4320.024,304.8999999999999
4480.820000000001,305.0
5077.275,321.50000000000006
2359.241,174.8
2774.6390000000006,215.60000000000002
1319.1029999999998,87.80000000000001
3206.0190000000002,211.8
2464.4900000000002,163.8
3109.3920000000007,363.70000000000016
1846.6120000000003,125.1
1718.381,100.5
5333.313999999999,376.99999999999994
1432.007,97.8
1023.9830000000001,68.0
3176.8220000000006,209.89999999999998
4574.428000000001,299.20000000000005
2212.847,145.29999999999998
3333.296,246.5000000000001
3490.9570000000003,259.0
3664.3999999999996,266.3
2222.878,145.8
1262.8889999999997,84.70000000000002
3483.74,193.10000000000002
2273.484,158.9
3940.054,277.4
1019.0590000000001,67.7
4158.191000000001,289.0999999999999
964.194,62.79999999999999
1212.133,135.29999999999998
3408.0170000000003,299.3
3408.0170000000003,299.3
1778.591,176.9
1663.8610000000003,107.30000000000001
2133.253,152.2
4770.917,317.9
2942.030000000001,206.20000000000002
1877.2059999999997,136.8
3682.567000000001,251.7
2766.8389999999995,204.70000000000007
2004.812,138.2
3745.5659999999993,265.6
2417.0019999999995,164.70000000000002
4765.629999999999,325.2000000000001
3532.762000000001,241.79999999999995
889.0150000000002,58.1
1919.5939999999998,139.10000000000002
2694.7429999999995,174.60000000000002
2743.3970000000004,197.9
4851.35,346.8999999999998
3025.0689999999995,202.3
0.0,0.0
4692.753,337.00000000000006
5310.228999999999,368.0
67.912,4.4
3256.6410000000005,227.10000000000002
2265.209,238.60000000000002
2336.275,297.9
1919.8250000000003,136.0
5282.863000000001,369.49999999999994
3231.721,233.1
2142.591,236.70000000000005
830.66,55.6
2586.639,186.39999999999998
5797.213999999998,379.6
5507.427,316.9
2869.4230000000002,194.09999999999997
5123.053,355.5
2898.1099999999997,202.79999999999998
4549.799,329.29999999999995
2767.8110000000006,209.60000000000002
3261.469,206.4
1927.9200000000005,134.3
1667.925,119.89999999999999
3920.4909999999995,191.1
3794.6180000000004,270.40000000000003
30.537999999999997,2.3
4527.157,320.70000000000005
1946.406,140.5
5512.683000000002,391.49999999999983
2601.692,175.2
2028.0529999999999,141.00000000000003
4563.517,321.2999999999999
1167.9559999999997,76.9
3485.419,257.50000000000006
4268.856000000001,287.50000000000006
3362.225999999999,247.90000000000012
5692.080999999999,362.8
1699.046,106.8
540.8,40.5
3949.376,256.6
1042.515,68.5
897.1809999999999,66.4
5254.115000000001,367.99999999999994
4029.341999999999,268.5
5388.1939999999995,382.7
3742.175,267.0
6408.287000000001,440.5999999999999
662.121,43.199999999999996
1547.448,104.50000000000001
1072.6029999999998,75.9
3479.8759999999997,252.49999999999997
3106.609,220.39999999999998
1604.9200000000003,115.19999999999999
1364.3539999999998,99.30000000000001
458.601,29.700000000000003
3169.4139999999998,213.80000000000004
2519.3009999999995,165.00000000000003
787.6000000000001,59.599999999999994
2424.62,163.8
1754.594,122.90000000000002
1639.047,119.8
6130.183,419.2
3487.286000000001,237.60000000000002
1310.1450000000002,93.8
1207.4409999999998,84.39999999999998
1207.4409999999998,84.39999999999998
3580.4790000000007,253.4
2564.7530000000006,183.10000000000002
4038.520000000001,273.0
2529.604,184.4
4088.2429999999995,268.49999999999994
2442.6099999999997,163.29999999999998
2427.1379999999995,207.90000000000003
4573.804,309.8
4573.804,309.8
3176.187999999999,225.6
2603.3180000000007,186.3
4178.6140000000005,322.0
1641.2140000000002,96.9
4151.79,295.2
4497.156000000001,239.10000000000002
4211.916,302.9999999999999
976.139,72.1
869.991,56.4
2302.8669999999993,150.49999999999997
3567.2680000000005,246.09999999999997
3895.271,281.19999999999993
4590.042999999999,301.69999999999993
3131.628,231.99999999999994
3359.246,235.00000000000003
3804.7349999999997,270.70000000000005
670.4319999999999,50.0
2632.098,192.3
3598.806,243.90000000000003
2760.6880000000006,194.60000000000002
2476.245,165.29999999999998
3991.9860000000012,288.4
3281.8920000000003,173.9
4279.286999999998,256.70000000000005
2818.5730000000003,191.49999999999997
3567.733000000001,252.29999999999995
4934.900000000001,346.8999999999998
2840.885999999999,184.70000000000002
2328.8039999999996,170.1
3034.117000000001,212.90000000000003
5300.991999999998,373.0
1611.477,112.29999999999998
306.606,20.2
4116.93,288.4
984.527,73.4
4552.673,306.5999999999999
5334.393999999998,353.0999999999999
3711.7780000000002,260.29999999999995
772.566,56.1
706.7959999999999,46.00000000000001
4801.905,324.7999999999999
4853.885000000001,448.2999999999999
1007.9749999999999,67.3
2140.109,160.50000000000003
3208.5979999999995,221.20000000000002
2243.66,148.5
4565.056999999999,316.6000000000001
4874.187,354.90000000000003
3727.0679999999998,258.59999999999997
4262.012999999999,267.2
3448.479,235.89999999999998
4522.246999999999,316.2
2161.8430000000003,141.3
3575.7749999999996,262.2
2555.962,187.79999999999995
3460.8040000000005,245.59999999999997
3706.3030000000017,268.9
4301.753,233.20000000000002
3083.2700000000004,221.0
3243.0219999999995,218.90000000000003
3680.6200000000013,236.3
2440.691,236.59999999999997
4663.070000000001,329.8
3216.03,236.7
4115.906000000001,293.5
2027.144,144.6
2333.239,172.10000000000005
4968.208,339.40000000000003
1375.9320000000002,100.79999999999998
3680.734000000001,252.70000000000007
4066.712000000001,292.40000000000003
2972.7960000000003,216.4
5487.386999999999,387.59999999999997
2524.525,161.39999999999998
1137.903,75.60000000000001
2670.83,175.50000000000003
3443.682,245.39999999999995
4927.721999999999,346.20000000000005
2936.197,208.6
1520.2750000000003,112.10000000000001
3435.979,250.49999999999994
2520.42,170.8
2520.42,170.8
5325.326,359.30000000000007
3790.5130000000013,269.0
1886.446,133.3
3283.0420000000004,241.5
1949.8649999999998,137.09999999999994
3769.6550000000007,275.00000000000006
2222.2969999999996,165.70000000000002
3179.798,223.60000000000002
506.31,32.900000000000006
1026.2740000000001,67.1
3081.823,194.69999999999996
3346.126000000001,231.00000000000003
1207.2440000000001,89.19999999999999
726.2139999999999,47.5
773.639,50.199999999999996
2722.67,184.4
4556.957,315.7
3818.8469999999998,273.40000000000003
3204.4600000000005,222.99999999999994
3754.111999999999,266.3
3527.7019999999998,263.2
3333.131,188.29999999999998
4329.231999999999,286.79999999999995
1481.0339999999999,96.30000000000001
5123.124,355.50000000000006
495.69499999999994,33.9
2761.622,194.40000000000003
3501.2439999999992,258.2
2632.734,191.49999999999997
4094.403,275.4
1632.425,115.59999999999998
3725.4950000000003,265.1
4031.3230000000003,259.0
969.326,69.10000000000001
4368.608000000001,312.69999999999993
1549.3849999999998,113.30000000000001
905.352,62.400000000000006
2617.514,195.7
2960.8469999999993,170.0
2734.4409999999993,201.49999999999997
2415.139,167.60000000000002
2275.1450000000004,151.6
3146.229,242.09999999999997
2445.096,174.79999999999998
902.6360000000001,102.39999999999999
4908.922,296.0
1949.1509999999998,128.09999999999997
3443.19,294.8
4607.301,303.0
1424.9470000000001,92.70000000000002
677.4800000000001,44.0
808.139,53.0
4463.965999999999,313.6999999999999
1617.9330000000002,112.79999999999998
4865.916,338.7999999999999
2760.374,197.4
5005.223000000001,355.4999999999999
1510.0849999999998,97.79999999999998
3613.883,256.00000000000006
3351.2949999999996,236.90000000000003
3162.3570000000004,206.39999999999992
2923.8319999999994,217.1
3283.0290000000005,229.59999999999997
1042.5200000000002,78.2
1586.6819999999998,116.69999999999997
3654.358,264.0
3667.8360000000002,259.0
2065.282,138.89999999999998
1974.6250000000002,151.70000000000002
4859.72,312.1
2456.1410000000005,174.79999999999995
1253.441,81.40000000000002
2092.43,150.3
5312.010999999998,353.5999999999999
2868.431,199.8
4173.521000000001,248.79999999999998
5021.775000000001,369.9
1638.1129999999998,111.9
2388.6160000000004,155.80000000000004
2593.4420000000005,184.89999999999998
2621.3649999999993,182.20000000000002
2640.44,196.1
3108.9980000000005,251.99999999999994
1314.8169999999998,86.39999999999999
762.4970000000001,49.5
2732.648,180.4
3919.2850000000003,267.49999999999994
1777.4069999999997,117.99999999999999
435.037,28.3
4100.776999999999,303.5000000000001
1279.104,100.10000000000001
2683.6910000000003,192.2
4391.0830000000005,296.29999999999995
722.54,49.5
3726.892,248.49999999999997
3053.957,220.80000000000004
1905.6829999999998,136.5
3378.415000000001,235.70000000000002
2730.3940000000002,190.90000000000003
2627.256,209.99999999999997
4537.332000000001,327.40000000000003
1233.337,92.7
2685.327,170.8
396.231,29.400000000000002
4027.2529999999992,289.20000000000005
783.4929999999999,50.9
3020.9419999999996,197.6
3617.115,255.20000000000007
2069.48,139.99999999999997
1848.4180000000001,132.4
1075.463,70.1
3132.341,223.7
3425.1609999999996,251.8000000000001
928.46,60.49999999999999
4733.219000000002,333.89999999999986
4165.228000000001,294.3999999999999
213.142,13.9
2410.8039999999996,204.3
4869.585999999998,353.29999999999995
1717.3239999999998,121.5
5441.309000000001,347.89999999999986
1408.8870000000002,92.00000000000001
2938.101,207.80000000000004
4411.348,261.9
4033.0850000000005,284.9
1559.64,102.99999999999999
1559.64,102.99999999999999
3387.1460000000006,238.10000000000005
2167.2059999999997,142.5
3902.3239999999996,195.1
4947.9800000000005,350.9999999999999
2091.6899999999996,154.1
3983.1010000000015,293.3
3780.823,213.70000000000002
3780.823,213.70000000000002
3926.1719999999996,276.0
2607.270999999999,187.69999999999993
2452.739,178.70000000000007
1926.0439999999999,129.7
789.8520000000001,59.4
3937.355,328.00000000000006
2673.6459999999993,181.40000000000003
701.3340000000001,50.6
1742.3639999999998,212.79999999999995
3603.5869999999995,251.30000000000004
1672.5829999999999,122.2
1463.59,106.7
5171.648000000001,336.4000000000001
2860.896,184.39999999999998
3708.5559999999987,271.70000000000005
1496.5319999999995,103.1
3873.7349999999997,219.8
4013.0159999999996,262.7999999999999
4782.165000000001,344.9
2381.9339999999997,158.3
5531.428999999999,367.3
1137.9379999999999,73.9
2076.01,141.7
2138.0379999999996,151.8
1407.731,94.5
4634.307000000001,313.40000000000003
3902.049,285.50000000000006
3655.8789999999995,251.3
1522.437,99.0
4984.349,353.40000000000003
3277.319,232.80000000000007
1523.146,104.69999999999999
1018.98,134.09999999999997
5119.862999999999,362.90000000000003
3942.8249999999994,256.5
2900.828,193.10000000000002
2862.1969999999997,148.49999999999997
2068.609,141.20000000000002
1889.4519999999995,125.90000000000003
1510.836,113.0
4723.937999999998,337.59999999999997
4397.723000000002,313.9
417.752,30.5
4154.780999999999,279.59999999999997
1645.242,111.9
3621.1490000000003,247.99999999999997
4291.973000000001,309.3999999999999
847.0440000000001,59.2
2188.396,137.5
330.882,63.3
2251.279,162.70000000000002
2099.801,145.8
3772.6029999999996,263.99999999999994
2154.999,157.7
2633.6529999999993,176.29999999999998
3077.4100000000003,210.79999999999995
830.6139999999999,55.49999999999999
3526.6169999999997,257.30000000000007
3086.5269999999996,213.79999999999998
3671.235,235.19999999999996
6470.922000000001,419.4999999999999
4739.57,338.59999999999997
2031.4550000000004,148.7
3552.9800000000005,246.6
3117.1130000000003,221.20000000000002
3845.5820000000003,214.20000000000005
4452.920000000001,296.49999999999994
3862.225000000001,271.99999999999994
2384.084,231.30000000000004
4786.443,329.90000000000003
3439.4349999999995,233.80000000000004
1520.1019999999999,105.9
3052.1919999999996,211.4
1069.303,79.10000000000001
2773.1690000000003,186.50000000000003
2022.308,139.99999999999997
4639.299000000002,326.19999999999993
256.4,19.1
1473.705,99.8
967.1210000000001,72.2
1449.8470000000002,105.8
3656.7079999999996,247.00000000000003
4331.446000000001,296.20000000000005
2579.6169999999997,176.1
1107.0240000000001,76.7
1107.0240000000001,76.7
3990.592,237.70000000000002
3307.0070000000005,243.69999999999996
1483.2590000000002,99.59999999999998
4668.913999999999,337.2
4054.018,302.69999999999993
5137.6939999999995,359.59999999999997
2020.2330000000002,149.2
2862.461,208.80000000000004
1968.061,118.5
2354.651,189.0
2354.651,189.0
3245.2770000000005,214.79999999999998
1900.317,140.7
2565.1269999999995,175.0
4486.384,326.59999999999997
4726.531000000001,340.49999999999994
3286.6090000000004,231.39999999999998
4731.717000000001,311.2
2637.2309999999998,175.79999999999995
2010.274,157.09999999999997
4361.44,297.09999999999997
5487.450000000001,356.30000000000007
2846.802,203.29999999999995
3863.538999999999,269.9
3863.538999999999,269.9
4639.106999999999,334.1999999999999
1217.64,86.7
3307.6829999999995,218.90000000000006
3544.3129999999996,215.6
4315.7390000000005,300.29999999999995
1448.2169999999999,97.80000000000001
3426.3049999999994,246.4
4130.292999999999,236.7
3347.2650000000003,238.79999999999998
3750.047,265.00000000000006
1799.1639999999998,129.6
968.196,63.1
1563.6860000000001,112.10000000000001
4359.07,322.29999999999995
3586.4610000000007,246.40000000000003
3142.4069999999997,227.19999999999996
5182.600000000001,371.59999999999997
2433.808,164.79999999999998
1519.4389999999999,105.39999999999999
1938.837,131.3
4897.644,351.59999999999997
1821.7,128.79999999999998
3111.6430000000005,223.2
3464.5699999999997,251.00000000000006
2500.1579999999994,172.89999999999998
2188.144,193.10000000000002
2139.429,135.6
2854.178,196.9
1720.183,119.90000000000002
526.388,36.099999999999994
197.815,12.9
248.19299999999998,15.8
814.707,52.1
954.8589999999999,67.5
2886.1380000000004,213.8
6067.9659999999985,402.6999999999998
5026.264000000001,358.5
4663.053000000001,323.80000000000007
3949.591000000001,267.7999999999999
2200.6490000000003,159.6
4688.139,317.20000000000005
3475.9719999999993,248.09999999999997
2979.0280000000002,317.2
4601.134999999999,353.99999999999994
1499.282,104.7
5816.784,412.2999999999999
4721.242999999998,332.0999999999999
3038.662999999999,196.79999999999998
2295.258,159.50000000000006
3355.3500000000004,190.39999999999998
3099.5200000000004,199.20000000000002
2255.0600000000004,169.9
2327.248,173.79999999999998
1500.7640000000001,96.59999999999998
431.05400000000003,30.5
1768.9569999999999,122.9
1813.9240000000002,118.70000000000002
1117.973,75.60000000000001
1216.015,82.30000000000001
3314.604,244.29999999999998
3246.3559999999998,213.10000000000005
4159.795999999999,260.5
4511.455999999999,300.09999999999997
3418.649,250.60000000000002
2371.855,155.3
2055.899,148.59999999999997
4485.886999999999,304.5
2917.683,220.59999999999997
3372.8559999999998,233.7
2145.0420000000004,152.89999999999998
1672.503,110.8
4374.710000000001,315.5999999999999
5039.4839999999995,354.49999999999994
4491.784,295.70000000000005
4546.702000000001,324.6999999999999
2151.814,143.20000000000002
959.609,65.0
2608.8329999999996,189.30000000000004
2608.8329999999996,189.30000000000004
1908.0690000000004,131.1
3101.608,203.89999999999992
2955.645000000001,226.50000000000006
3605.4329999999995,262.1000000000001
989.856,94.10000000000001
3920.454000000001,282.49999999999994
3259.9589999999994,217.60000000000005
1640.809,110.60000000000001
2974.8099999999995,207.5
2077.222,140.6
4972.744000000001,356.0
4542.627,328.90000000000003
2161.661,148.29999999999998
1955.8960000000002,144.99999999999997
2096.7250000000004,147.6
4018.5870000000004,226.59999999999997
5444.021999999998,365.3
3251.8720000000003,230.6
1509.171,107.10000000000001
1050.618,81.8
4557.195999999999,254.4
2077.933,136.29999999999998
2814.1650000000004,208.6
578.619,37.6
4029.7369999999996,290.69999999999993
3275.7540000000004,233.10000000000002
2981.3680000000004,219.70000000000002
4521.254000000001,322.7
940.6809999999999,61.1
1693.9900000000002,117.9
2585.775,195.7
1308.374,96.69999999999999
975.8009999999999,63.00000000000001
4393.777,297.8
3529.962,254.00000000000003
3766.2720000000004,270.40000000000003
1965.7440000000001,133.9
5186.243,341.59999999999997
3326.593,295.1999999999999
2385.015999999999,166.79999999999998
4056.0339999999997,275.3
1196.595,79.7
929.9270000000001,60.599999999999994
3100.7900000000004,222.80000000000004
3060.9219999999996,212.69999999999996
2066.743,149.90000000000003
2568.051,173.3
2236.5759999999996,159.6
1018.401,69.3
3058.811,226.90000000000003
3082.248,221.89999999999998
2810.4529999999995,197.30000000000004
1589.1520000000003,157.7
3906.368,284.1
2372.952,163.4
2853.428,201.10000000000005
1656.7689999999998,106.9
2596.634,196.50000000000003
1892.208,137.5
1891.4809999999998,128.39999999999998
5024.098,352.8
2621.9600000000005,182.10000000000002
3718.4150000000004,261.40000000000003
3385.657000000001,241.59999999999997
2278.144,167.50000000000003
3151.689,226.1
1580.2189999999998,104.3
3063.317,222.4
6000.158000000001,406.3999999999999
4918.527,342.70000000000005
2306.72,178.1
4851.418999999999,330.0
4808.666,341.40000000000003
4499.362999999999,322.40000000000003
4200.052,275.50000000000006
4383.539,293.59999999999985
2143.451,144.1
2510.1700000000005,182.39999999999998
2917.544,216.10000000000002
3230.877999999999,257.2
1809.389,120.99999999999999
1070.08,83.3
1376.127,97.5
2955.567,218.20000000000007
1223.5580000000002,91.3
3727.0679999999998,258.59999999999997
2396.0419999999995,172.59999999999997
3834.4929999999986,273.19999999999993
3586.5210000000006,244.3
2063.1620000000003,134.3
3497.7240000000006,247.0
2196.6469999999995,147.1
528.137,35.1
3272.331000000001,230.70000000000002
1329.6660000000002,88.00000000000001
1273.811,94.80000000000001
4310.568,294.5
2806.2919999999995,203.40000000000006
4320.347,254.6
3832.6339999999996,286.1
3604.081,205.49999999999997
2259.1449999999995,149.89999999999998
1163.5120000000002,90.9
4151.422999999999,276.40000000000003
3697.5769999999993,222.70000000000007
3697.5769999999993,222.70000000000007
3697.5769999999993,222.70000000000007
1130.7440000000001,85.0
2302.0190000000002,165.4
3837.029,275.4
2737.8489999999997,183.1
1530.1730000000002,106.90000000000002
3791.6639999999993,252.7
4062.8020000000006,285.8
2018.568,142.19999999999996
5012.351,337.3
1928.9299999999996,144.79999999999995
2490.1170000000006,167.00000000000006
4986.564000000002,348.9999999999999
925.2139999999999,63.3
584.01,134.1
4295.168999999999,304.7
3724.591,269.9
2829.5429999999997,202.70000000000002
2908.21,190.3
2009.6,141.0
3601.4159999999993,245.39999999999995
3479.6340000000005,219.70000000000002
5630.696,338.00000000000006
3225.0119999999997,239.4000000000001
2342.702,156.89999999999998
174.677,12.2
2699.3319999999994,200.80000000000004
5336.989999999998,375.40000000000003
4491.371,300.70000000000005
2234.8430000000003,145.00000000000003
2991.19,225.29999999999995
3857.3260000000005,272.79999999999995
500.12399999999997,34.4
391.41299999999995,29.299999999999997
1311.511,94.8
2919.599,214.1
5580.711,393.3999999999999
3936.078000000001,269.0
5223.854,375.7
4979.387000000001,362.4
1105.024,74.2
2704.8470000000007,185.70000000000002
4861.601000000002,348.20000000000005
2592.721,171.60000000000002
1509.6840000000002,112.5
3208.3930000000005,254.50000000000003
2931.1280000000006,203.19999999999993
1504.6819999999998,108.40000000000002
3138.268999999999,220.6
2636.8949999999995,194.9
1865.6170000000002,127.0
2760.0800000000004,193.80000000000004
1389.983,91.40000000000002
683.9270000000001,47.199999999999996
1534.9850000000001,104.7
1059.441,69.50000000000001
2865.37,205.59999999999997
1404.315,91.3
4599.531000000001,330.6999999999999
1967.4049999999997,140.4
3015.324,221.60000000000005
4250.218999999999,266.00000000000006
2910.4389999999994,217.4
3381.445,242.49999999999997
3623.863,258.90000000000003
2146.9819999999995,153.29999999999998
3803.4409999999993,266.90000000000003
2109.532,198.20000000000005
1876.5309999999997,134.9
2601.350000000001,179.40000000000003
3112.1180000000004,233.59999999999997
940.0250000000001,68.6
4477.273,232.20000000000002
1858.8700000000001,122.19999999999999
3493.3779999999997,343.89999999999986
5730.388999999999,385.5999999999999
4392.344000000001,289.19999999999993
3212.453,204.3
4076.864,289.69999999999993
2677.2870000000007,198.1
3229.3899999999994,225.7
4207.848,303.09999999999997
3765.33,266.6
1742.111,114.0
4959.826999999998,288.90000000000003
2712.615,186.39999999999998
2924.48,202.50000000000003
2450.5760000000005,160.20000000000002
2267.016,148.6
2267.016,148.6
4355.648000000001,295.2000000000001
4110.929999999999,270.70000000000005
2086.3170000000005,135.30000000000004
426.9900000000001,27.700000000000003
2596.1379999999995,171.0
2403.1079999999997,175.10000000000002
2293.781,153.50000000000003
3641.2510000000007,259.5999999999999
4399.777999999999,297.40000000000003
4382.970999999999,301.6
1375.4070000000002,89.0
1710.228,113.9
2765.4609999999993,185.5
4183.74,245.70000000000002
4840.400000000001,344.29999999999995
1261.949,83.89999999999999
759.811,50.50000000000001
5000.719999999999,355.00000000000006
3218.885,209.99999999999997
4655.263,332.3
3489.7139999999995,253.60000000000005
1100.3429999999998,81.0
2473.667,183.50000000000003
3087.603,197.20000000000002
5132.863000000001,327.6
3520.5360000000005,248.50000000000003
4530.697000000001,320.9
5668.290999999999,395.59999999999997
3928.2579999999984,293.80000000000007
4479.812999999999,286.09999999999997
4343.5030000000015,306.8
2356.456,144.5
1656.2080000000003,109.30000000000003
4699.484,328.80000000000007
608.591,41.6
3589.2060000000006,258.5
4319.095,283.1000000000001
2829.6059999999998,208.29999999999995
3692.5980000000004,268.3
4000.177,285.29999999999995
4632.652000000001,331.9999999999999
1812.65,118.99999999999999
2789.996000000001,180.20000000000007
1320.6180000000002,94.60000000000001
3088.1749999999997,226.79999999999995
4736.5920000000015,336.8
4364.28,314.40000000000003
3547.063,233.19999999999996
1897.9479999999999,123.30000000000001
2601.678,175.39999999999992
1644.9129999999998,109.50000000000001
3368.4570000000003,223.39999999999998
1594.1000000000001,113.3
719.481,46.8
2413.184,170.6
2547.725,187.60000000000002
3990.8399999999992,287.5
4849.761000000001,334.09999999999997
2365.0629999999996,166.99999999999997
3800.6339999999996,275.9
3099.7110000000002,209.8
3529.4009999999994,256.6
992.888,72.6
2970.6120000000005,219.89999999999998
3060.4840000000004,215.90000000000003
868.6060000000001,62.0
2946.319,302.0000000000001
2138.327,161.39999999999998
3393.532,227.40000000000003
3151.1930000000007,231.5
986.504,73.10000000000001
2678.892,198.39999999999998
4405.150999999999,298.20000000000005
3508.811999999999,234.20000000000002
2579.3149999999996,192.7
4564.916000000001,319.9
1858.0259999999998,130.8
897.8019999999999,58.50000000000001
2251.134,152.5
919.636,60.8
3289.7889999999993,235.30000000000004
2964.039,212.69999999999996
2538.353,185.8
2510.9790000000003,180.2
4460.34,320.2
1135.816,73.89999999999999
1912.7820000000004,134.39999999999998
3910.674,287.09999999999997
1045.096,68.19999999999999
1859.9460000000001,120.6
4444.789,301.70000000000005
3487.6349999999998,250.79999999999998
4245.0779999999995,276.1
2853.8809999999994,179.5
4020.567,282.9
1493.3319999999999,106.10000000000001
2182.8250000000003,162.9
1849.5249999999999,133.60000000000002
3829.2469999999994,255.9
2281.919,149.40000000000003
2733.02,265.0999999999999
6034.151999999997,405.29999999999995
3577.305,221.20000000000002
4735.873999999999,326.20000000000005
4310.304999999999,304.70000000000005
1218.626,87.1
2393.9049999999997,162.69999999999996
2520.21,176.70000000000002
4921.277,353.49999999999994
3002.155,212.3
1120.971,123.1
602.479,45.1
3511.75,201.8
4561.973000000001,316.40000000000003
3856.6309999999994,281.4
1259.3410000000001,84.5
5274.614999999998,346.3999999999999
4621.844000000001,357.99999999999994
3926.6160000000004,272.29999999999995
2481.946,172.60000000000002
3432.2290000000003,227.2
1434.1929999999998,102.89999999999998
3231.293,210.09999999999994
3431.0170000000003,247.1
4284.052000000001,308.7999999999999
736.455,47.99999999999999
1102.4160000000002,74.19999999999999
5307.029999999999,353.5
694.3280000000001,44.99999999999999
805.234,52.6
3569.925,244.5
4268.894999999999,305.40000000000003
4971.488,350.50000000000006
1471.2469999999998,96.9
5027.931000000001,343.29999999999995
4042.315,284.4999999999999
4013.909,290.69999999999993
1413.791,104.69999999999999
2822.485,204.89999999999998
2551.334,146.20000000000002
3577.7709999999993,239.4
4499.1,322.9999999999999
2786.2590000000005,188.4
557.798,92.8
1445.0140000000001,92.40000000000003
1871.762,136.0
3246.218999999999,236.59999999999997
994.708,74.1
3722.708,245.09999999999997
3722.708,245.09999999999997
3060.7189999999996,222.39999999999998
3803.214,257.19999999999993
3471.2220000000007,245.80000000000007
2551.4680000000003,176.4
4304.723999999999,282.9000000000001
4650.369000000001,330.9
2517.461999999999,174.59999999999997
4482.311,320.1000000000001
4070.339,300.90000000000003
3306.0910000000003,215.69999999999996
1903.725,127.7
2857.916,196.80000000000004
2200.877,163.2
2328.515,153.50000000000003
3323.109,230.4
1379.01,99.0
2108.403,148.20000000000002
4446.385000000001,319.79999999999984
1605.6750000000002,96.5
1677.658,109.89999999999999
658.2299999999999,44.5
1765.329,132.6
2447.7010000000005,176.70000000000005
1069.953,66.5
1524.3,107.80000000000001
1076.941,73.3
3390.5170000000003,232.8
1699.585,126.60000000000001
2333.0099999999993,172.09999999999997
2239.884,154.70000000000002
4242.541,278.7
4610.999,294.8
3105.3699999999994,248.89999999999995
2007.796,143.20000000000002
3218.2219999999993,231.80000000000007
3865.1110000000012,275.4
4665.2,330.09999999999997
4500.486999999999,323.4999999999999
2353.954,161.79999999999995
941.5310000000001,61.5
2452.691,221.20000000000005
3773.9749999999985,272.5
657.991,46.300000000000004
2578.9330000000004,185.9
1879.1140000000003,210.4
1981.8560000000002,140.9
2151.1100000000006,150.20000000000002
3003.4909999999995,209.99999999999997
4728.8409999999985,313.6
4286.482999999999,304.00000000000006
4286.482999999999,304.00000000000006
4678.9039999999995,286.2
3985.7110000000002,267.69999999999993
2421.4139999999998,158.4
3271.3300000000004,229.0
2201.967,246.10000000000002
2201.967,246.10000000000002
4305.526999999999,277.6
4458.291,316.4
2894.558,182.4
1700.169,127.2
2273.4539999999997,154.60000000000002
4679.072000000001,333.6
4367.589000000002,283.29999999999995
4477.006,327.2
3640.808,262.4
3922.696999999999,221.70000000000002
5275.782,339.9
3854.5389999999998,277.3999999999999
3854.5389999999998,277.3999999999999
2684.2359999999994,176.9
2995.211000000001,206.29999999999995
1621.108,105.4
3451.5480000000002,240.60000000000002
2235.551999999999,147.90000000000003
1835.5799999999997,123.79999999999998
3338.7769999999996,220.99999999999994
5420.074999999998,382.8999999999999
772.487,50.3
5820.731,398.7000000000001
6446.785,437.0999999999999
3548.395,252.60000000000002
4655.466,306.20000000000005
1344.3860000000002,135.9
3372.524999999999,234.89999999999992
3825.6939999999995,249.29999999999995
4341.9169999999995,270.5
2220.5689999999995,170.50000000000003
3929.1590000000015,255.20000000000002
2546.1480000000006,179.29999999999998
3764.393000000001,266.6999999999999
2828.1839999999997,232.0
4305.253000000001,307.2
1820.1599999999999,136.3
3904.2999999999997,280.6
1286.7289999999998,91.5
3581.08,253.89999999999995
4861.517,336.49999999999994
4076.816,294.6000000000001
3526.042999999999,226.2
1947.07,142.90000000000003
3058.266000000001,294.7
2136.9619999999995,152.50000000000003
1820.5149999999999,120.30000000000003
5287.130000000002,323.5
3552.1770000000006,261.20000000000005
861.545,63.40000000000002
3131.539,193.7
1717.917,113.50000000000001
2944.5919999999996,192.50000000000003
1149.261,76.5
4685.119,337.59999999999997
1950.319,145.6
2688.6220000000003,199.0
1943.9220000000005,142.99999999999997
2890.64,188.40000000000006
2953.4500000000003,210.50000000000006
2917.5610000000006,195.90000000000006
3548.634,238.49999999999994
2284.118,164.50000000000003
3705.4290000000005,251.49999999999994
3754.274999999999,278.0
3373.655,243.4
5327.676,390.8999999999999
2437.01,161.99999999999997
4290.899,312.9000000000001
499.753,37.300000000000004
3952.929000000001,282.09999999999997
2634.3410000000003,183.1
3612.842,284.5
2435.182,186.70000000000002
3324.6959999999995,235.4
4263.209000000001,302.69999999999993
580.2069999999999,40.99999999999999
1448.268,102.7
3241.115,234.70000000000007
1080.88,81.0
1325.788,96.50000000000001
4146.9710000000005,296.5
2389.337,161.20000000000002
1608.986,111.8
1823.528,140.6
900.3520000000001,60.9
2673.6999999999994,181.00000000000003
1549.2319999999997,101.7
2584.658,171.6
944.2919999999999,65.69999999999999
2404.747,177.89999999999995
2289.82,152.79999999999998
3306.797,249.9
4894.134,326.2999999999999
4125.4400000000005,233.1
2221.859,145.09999999999997
176.827,11.6
1297.3550000000002,85.0
1418.748,99.0
3600.553999999999,239.59999999999997
4722.211999999999,327.3
3037.75,215.40000000000003
745.111,49.7
4422.859,309.40000000000003
2017.636,141.3
5359.6759999999995,359.99999999999994
2185.935,161.60000000000002
4614.075000000001,323.0
1845.0409999999997,137.60000000000002
2803.251,182.89999999999998
4955.663000000001,310.99999999999994
2691.373,196.39999999999998
3774.598,271.3
2008.4630000000002,130.5
3290.8689999999992,224.39999999999995
2163.137,159.59999999999997
1359.815,92.6
905.148,62.79999999999999
1283.6490000000001,83.4
2038.0010000000004,139.39999999999998
3061.7499999999995,222.89999999999998
2022.693,145.1
1833.12,131.0
3277.0449999999987,239.9
4166.2210000000005,286.4
4571.209,319.20000000000005
1416.3309999999997,100.10000000000001
612.5889999999999,42.6
4220.642000000001,300.09999999999997
5007.7260000000015,352.9
2527.145,156.29999999999998
4874.977000000001,346.3
2375.0320000000006,167.89999999999998
3519.345,250.19999999999996
1624.5410000000002,115.7
4919.2609999999995,379.9
1615.4730000000004,109.00000000000001
2599.902,172.5
850.866,57.300000000000004
2674.7619999999997,187.90000000000003
2674.7619999999997,187.90000000000003
1129.37,82.4
4724.62,335.29999999999995
3137.9429999999998,228.7
3171.699,216.2
5861.845999999999,394.29999999999995
2417.8959999999993,177.9
1989.057,141.0
4643.821,333.4999999999999
3376.3660000000004,315.40000000000003
1015.7750000000001,66.19999999999999
1801.2349999999994,123.4
3280.4899999999993,233.79999999999995
2688.2749999999996,195.6
1800.3740000000003,115.70000000000002
1783.846,115.6
2125.536,153.10000000000005
3930.5950000000003,276.4999999999999
2411.633,124.9
4657.266999999999,287.59999999999997
3635.43,257.3
2810.7680000000005,184.4
3170.793,163.2
2601.158,187.3
975.46,91.10000000000001
1570.1080000000002,104.89999999999999
1382.6399999999999,90.29999999999998
5088.28,358.30000000000007
1458.322,95.1
673.881,48.6
2226.322,153.09999999999997
653.968,42.7
2270.927,151.9
1929.8090000000002,139.69999999999996
2114.591,153.70000000000005
3849.0860000000002,262.9
5162.06,333.7
2786.87,186.10000000000002
545.749,35.6
1661.8900000000003,122.59999999999998
2793.351999999999,190.00000000000003
3446.7799999999993,245.10000000000002
3474.615,251.50000000000009
2081.986,135.70000000000002
5547.380000000001,309.40000000000003
579.7139999999999,37.6
3246.1819999999993,230.1
4533.068,330.09999999999997
3823.169,273.8
2827.084999999999,292.5999999999999
2827.084999999999,292.5999999999999
1500.911,102.0
2758.5879999999997,180.3
3652.2610000000004,267.50000000000006
596.179,41.1
1832.8290000000004,124.89999999999999
2715.655999999999,199.29999999999995
566.146,42.300000000000004
1727.6450000000002,117.20000000000002
2773.673,199.9
1401.0380000000002,97.39999999999999
1042.172,69.6
3111.844,206.89999999999998
2576.5830000000005,177.6
3676.012,242.7
2072.6720000000005,139.9
3914.3960000000006,264.19999999999993
2558.7390000000005,176.90000000000003
3126.3019999999997,225.50000000000009
4550.2119999999995,323.3999999999999
1444.8989999999997,110.09999999999998
2622.5759999999996,181.40000000000006
5060.422,448.1999999999998
543.201,35.2
4174.443,289.8
808.1460000000001,60.50000000000001
2272.9010000000003,163.4
1561.7920000000004,103.49999999999999
5936.008,352.0
2593.3750000000005,190.8
2403.5170000000003,185.09999999999994
4346.938999999999,286.8999999999999
4143.814999999999,292.0
4208.182000000001,298.49999999999994
3152.3309999999997,207.60000000000002
530.7280000000001,36.5
4399.728,253.8
2831.5209999999997,196.60000000000002
729.0799999999999,54.5
5306.3460000000005,381.59999999999997
5084.966999999999,351.70000000000005
2668.299,202.4
383.801,25.900000000000002
1424.407,93.80000000000001
2848.176,189.29999999999998
1905.2769999999998,133.8
288.842,24.400000000000002
1721.8609999999999,118.6
2585.580999999999,176.4
1411.9349999999997,91.00000000000001
1313.3899999999999,87.69999999999999
1447.9289999999999,94.6
4473.6280000000015,319.90000000000003
3201.7939999999994,262.6
1817.6530000000002,125.90000000000002
432.538,30.0
3922.377,269.3999999999999
3154.55,208.79999999999998
1311.453,90.10000000000001
4423.391999999999,327.09999999999985
2395.3199999999997,156.39999999999998
1948.2850000000005,140.20000000000002
3085.6770000000006,229.29999999999998
3445.9159999999997,316.79999999999995
2081.525,152.79999999999998
3769.0000000000005,266.79999999999995
2598.8549999999996,182.3
872.822,58.099999999999994
4784.976000000001,320.69999999999993
473.862,31.0
402.716,26.4
2902.3929999999996,215.7
2036.6969999999994,132.9
3512.905,252.6
4778.222000000001,349.5
1125.795,84.8
1125.795,84.8
2250.959,176.79999999999998
1845.0110000000002,136.9
4503.397,309.7999999999999
4473.181,300.20000000000005
2942.2279999999996,206.20000000000002
3651.4240000000004,258.3
2419.7970000000005,177.69999999999996
2786.764,192.50000000000003
2084.5589999999997,96.00000000000001
4062.1749999999997,280.59999999999997
2659.5080000000003,195.6
2888.4700000000003,220.20000000000005
2457.8379999999997,166.79999999999998
4086.0160000000005,250.3
2796.2620000000006,187.89999999999995
4928.643999999999,347.4000000000001
4037.1650000000004,269.8999999999999
2262.8280000000004,163.59999999999997
1610.531,123.8
4460.481000000001,360.09999999999997
2693.2749999999996,194.40000000000003
2859.332,186.40000000000003
706.45,49.4
2664.125,267.40000000000003
3077.6339999999996,214.6
2307.2439999999997,153.9
4314.946,283.3
4314.946,283.3
3592.743,248.79999999999993
1625.228,116.39999999999998
3207.805999999999,287.90000000000003
3568.296000000001,247.89999999999998
4543.840999999999,291.8
610.025,40.1
1097.011,72.49999999999999
4981.281999999998,264.7
1044.802,77.89999999999999
1901.4249999999997,136.60000000000002
4317.093000000001,283.8
2218.9480000000003,149.1
2182.394,153.2
2880.046,199.3
701.9539999999998,52.39999999999999
625.525,40.4
2935.691999999999,173.79999999999993
3176.6529999999993,209.2
4275.032,290.59999999999997
1494.5379999999998,109.39999999999999
2703.288,188.00000000000009
5381.725,385.5
477.228,31.0
3950.8760000000007,259.20000000000005
4091.0299999999997,292.0
1768.9569999999999,122.9
2491.6410000000005,162.29999999999995
3768.3970000000004,267.9999999999999
2823.5629999999996,197.09999999999997
3218.9049999999997,303.29999999999995
1980.7530000000002,128.4
3219.6150000000007,222.1
1975.1929999999998,134.6
4755.399000000001,344.7
2305.204,169.60000000000002
1415.1559999999997,94.0
3598.0019999999995,256.7
3038.1950000000006,202.09999999999997
4989.967000000001,336.50000000000006
2697.7169999999996,194.70000000000002
3608.048999999999,254.7
3370.912,246.90000000000003
3601.33,266.8999999999999
4389.111,307.59999999999997
1214.447,86.6
1241.82,86.9
3301.865,219.5
3057.2760000000003,225.0
4241.259999999999,300.4
801.2500000000001,51.699999999999996
4371.459000000001,224.60000000000002
4365.13,294.0999999999999
3457.163000000001,238.8
1802.8169999999998,116.0
2202.5240000000003,143.4
4143.934,236.99999999999997
1361.729,89.89999999999999
1658.8940000000002,120.1
4184.511,299.7
3582.395,257.90000000000003
2898.9610000000002,187.30000000000004
4459.196999999999,323.49999999999994
4464.332999999999,352.2000000000001
3555.088,247.9
289.627,21.5
3664.182999999999,250.09999999999994
3883.212,255.39999999999998
3758.5220000000004,247.20000000000005
3605.2610000000004,247.4
3259.342,215.60000000000002
3505.245,249.3
3092.2670000000003,217.90000000000006
2155.719,159.20000000000005
3831.103000000001,274.7
1667.375,123.89999999999999
841.0840000000001,54.8
3821.948999999999,263.6
3736.9380000000006,254.39999999999998
2105.02,157.00000000000003
980.888,66.49999999999999
4812.652,336.79999999999984
3339.5260000000003,222.80000000000004
3240.0499999999993,229.0
3471.8399999999997,249.80000000000004
1080.043,70.4
3289.6080000000006,215.60000000000002
5055.772,354.9999999999999
957.5140000000001,86.00000000000001
3492.8080000000004,250.0
2477.857,174.8
3178.873,226.30000000000004
4062.5290000000005,291.5999999999999
5328.9130000000005,378.40000000000003
4603.146999999999,312.5
1386.6229999999998,90.19999999999999
3744.0519999999997,257.5
4570.321,272.7
965.802,63.90000000000001
4055.422,289.2
1372.3979999999997,131.20000000000002
4174.103,297.5
1608.478,117.49999999999997
4333.713999999999,322.8000000000002
3913.412,277.30000000000007
5518.8989999999985,388.69999999999993
2077.34,199.29999999999998
3952.468,263.49999999999994
3273.2370000000005,234.49999999999994
1997.411,146.29999999999998
3329.522,238.3
3623.390999999999,237.5
3372.316999999999,187.29999999999998
2395.2740000000003,171.00000000000003
3835.774000000001,270.59999999999997
851.698,55.3
3311.112000000001,236.3
1952.4649999999997,140.99999999999997
1561.2150000000001,103.0
3229.3529999999996,211.10000000000002
3229.3529999999996,211.10000000000002
3664.132,260.4
4316.994999999999,302.7999999999999
4361.774999999999,278.29999999999995
110.82900000000001,7.5
3681.4529999999995,265.2
2113.1669999999995,157.7
1959.5059999999996,133.5
4444.476999999999,326.8
1902.172,135.1
3785.386,275.59999999999997
4331.897,301.6
1172.469,82.4
804.023,57.3
3628.1159999999995,259.8
1129.814,76.19999999999999
1103.4540000000002,70.89999999999999
1106.897,79.2
3073.579,227.00000000000006
4355.671,316.20000000000005
4415.4000000000015,316.3
4706.328000000001,336.4
3042.3740000000007,217.4
3079.728,210.50000000000006
4028.539,264.59999999999997
3241.6150000000007,227.39999999999998
4542.2350000000015,326.8
4211.765,290.00000000000006
809.2420000000001,54.6
3893.019,270.20000000000005
1658.765,119.4
1876.6659999999997,125.60000000000002
385.60200000000003,28.8
2922.737,201.30000000000004
951.5590000000001,69.60000000000001
2161.0260000000003,160.6
1456.9270000000001,95.19999999999999
3363.4679999999985,228.49999999999997
2421.2929999999997,176.19999999999996
430.135,27.6
430.135,27.6
2111.704,153.0
1796.5829999999999,122.1
3371.413999999999,249.89999999999998
2977.566,201.3
2977.566,201.3
4126.427,252.90000000000003
4728.241000000002,313.7
867.3629999999999,64.0
2711.445000000001,190.40000000000003
2393.3809999999994,154.20000000000002
511.83099999999996,33.4
964.252,62.800000000000004
4058.1709999999994,223.10000000000002
827.8259999999999,54.1
3776.089000000001,274.4
2191.4579999999996,162.5
3286.1490000000003,229.80000000000004
3064.5000000000005,214.6
1683.669,139.8
3060.4359999999992,201.6
6241.008,437.2999999999999
2611.1179999999995,193.6
4590.164,330.2999999999999
1332.821,91.9
3811.7389999999996,256.4
3983.2960000000007,283.09999999999997
2721.595,179.1
3777.688000000001,270.1
4686.384999999998,257.40000000000003
6077.457000000001,422.7999999999999
2205.552,160.3
2710.776,203.69999999999996
2697.9049999999997,189.90000000000003
1756.355,117.90000000000002
1841.65,168.5
2063.556,137.9
4834.446999999998,320.5999999999999
1585.009,155.7
1704.2780000000005,116.60000000000002
4336.999000000001,309.50000000000006
4394.11,292.70000000000005
1597.6599999999999,113.9
3323.006999999999,289.9000000000001
4107.666,293.2000000000001
991.4189999999999,74.89999999999999
382.439,24.9
4374.822999999999,308.90000000000003
1245.981,81.0
801.869,53.19999999999999
1468.9889999999998,105.5
1982.7659999999998,130.7
3960.4399999999996,273.0999999999999
132.962,10.0
1819.0890000000004,141.2
5805.894000000001,412.29999999999995
5805.894000000001,412.29999999999995
5646.218,402.30000000000007
4455.713000000001,314.5
2438.254,152.1
3311.5260000000003,243.79999999999998
3066.936,213.89999999999995
5013.194,346.69999999999993
980.9399999999999,73.2
3733.2259999999997,364.5999999999998
2416.888,173.7
2652.297,182.7
4175.552999999999,285.8999999999999
2491.6040000000003,181.29999999999998
1446.9440000000002,107.2
3467.7150000000006,228.59999999999994
3939.5199999999995,279.09999999999997
4124.803,290.6
3360.332,231.7
611.0219999999999,45.199999999999996
3152.161,229.5
4145.745,298.4999999999999
1575.445,106.3
4155.057999999999,248.40000000000003
4208.003,300.59999999999997
2409.5930000000003,167.4
3448.8099999999995,160.5
223.48000000000002,15.9
2109.116,139.20000000000002
2570.9010000000007,183.90000000000003
2980.542999999999,193.29999999999998
2042.0550000000003,142.80000000000004
3096.744,214.9
2341.205,246.89999999999998
3002.3699999999994,198.8
2297.9349999999995,169.9
3192.2259999999997,219.1
4375.484000000001,305.69999999999993
735.01,49.099999999999994
1404.715,98.0
706.921,45.9
706.921,45.9
2544.5130000000004,172.60000000000002
1645.1039999999998,111.20000000000002
1881.4459999999997,124.90000000000002
2298.531,169.09999999999997
534.082,37.5
2898.8590000000004,200.20000000000002
3528.2650000000003,234.20000000000002
3179.955999999999,209.60000000000005
5131.08,348.90000000000003
2083.2729999999997,146.10000000000002
1310.6380000000001,96.2
4105.915999999999,283.0999999999999
2758.196999999999,198.19999999999993
5413.228000000001,384.49999999999994
2738.3889999999997,197.6
1550.0920000000003,109.4
4630.858,287.3000000000001
3578.3659999999995,185.1
2235.306,147.50000000000003
2235.306,147.50000000000003
3545.576,257.2
5078.711,342.40000000000003
5478.692,344.19999999999993
2870.961,205.0
1649.96,107.80000000000001
3923.6579999999985,281.40000000000003
2369.7629999999995,163.49999999999997
4989.731,348.2
5087.401999999999,359.4
1591.6979999999999,115.7
5994.981000000001,395.70000000000005
4851.481000000002,341.49999999999983
1683.752,126.60000000000001
1052.624,78.80000000000001
3231.0600000000004,210.70000000000002
4185.023000000001,293.7
508.075,33.0
4744.111,333.5999999999999
4847.457000000001,310.70000000000005
3068.7150000000006,187.99999999999997
3844.0289999999995,266.3
3850.2859999999996,278.7
509.09799999999996,33.0
3849.096999999999,211.60000000000002
3849.096999999999,211.60000000000002
5356.857,353.29999999999984
2385.2839999999997,163.7
713.2439999999999,49.7
3365.3379999999997,247.99999999999997
2873.984,188.29999999999998
2736.6910000000003,202.0
1580.5140000000001,106.6
3858.228999999999,259.8
2148.033,161.2
3596.757,237.6
1339.3249999999998,89.0
1057.577,71.6
286.627,20.2
1008.2689999999999,72.5
2423.9069999999997,175.39999999999995
1492.2699999999998,99.5
4475.249999999999,310.3
3002.7889999999998,218.20000000000002
986.681,68.9
3419.674,226.70000000000002
3205.5870000000004,238.2
6211.188000000001,412.6999999999999
4356.766999999999,326.2999999999999
2143.098,142.90000000000003
3429.339,229.79999999999998
1661.039,124.4
2537.2090000000003,179.4
2627.2430000000004,176.1
2627.2430000000004,176.1
1314.062,87.3
2365.876,154.8
3522.2540000000004,241.0
4083.718999999999,302.5000000000001
3279.3899999999994,239.29999999999998
3691.1080000000006,253.69999999999996
2924.3259999999996,214.49999999999994
2626.1319999999996,172.09999999999997
3275.7049999999995,234.10000000000002
1127.296,84.2
3740.9250000000006,270.59999999999997
5074.25,356.99999999999994
1325.393,89.49999999999999
2270.742999999999,147.70000000000002
3332.1890000000003,225.40000000000003
2129.226,157.6
3337.3590000000004,234.89999999999995
2131.736,142.1
3188.8659999999995,238.9
2475.809,176.6
3610.9149999999995,238.20000000000002
985.199,66.4
4917.765,348.69999999999993
5113.447,287.00000000000006
2420.3260000000005,167.4
3759.661,266.09999999999997
591.3119999999999,42.199999999999996
1179.6470000000002,79.80000000000001
2667.5179999999996,183.60000000000002
4125.758,297.40000000000003
1241.493,83.0
3814.4659999999994,283.5
3122.213999999999,222.5
871.63,61.5
704.5450000000001,52.5
1119.13,72.80000000000001
2473.035,176.60000000000005
2918.0910000000003,202.00000000000003
5076.441000000001,359.00000000000006
1434.9250000000002,95.89999999999999
2369.6400000000003,156.4
3658.6609999999996,266.9
4673.009999999999,314.70000000000005
3451.206000000001,231.0
936.1129999999999,60.599999999999994
2741.34,200.9
1530.971,112.80000000000001
4374.558999999999,304.1
477.3310000000001,30.9
2089.391,139.1
4206.174999999999,299.79999999999995
2004.6760000000002,165.3
3801.615,214.20000000000002
5096.336000000001,363.7
2090.916,153.89999999999998
1612.7269999999999,120.50000000000001
3779.7419999999993,267.59999999999997
2671.064,266.29999999999995
3023.1699999999996,218.9
5822.638,397.20000000000005
1960.269,184.29999999999998
1118.785,84.10000000000001
3431.391,244.0
4445.149000000001,248.10000000000002
3355.522,244.7
3185.5489999999995,231.80000000000004
710.009,116.59999999999998
893.475,154.10000000000002
4619.171000000002,335.49999999999994
2961.5149999999994,204.60000000000002
4198.675,348.8
811.4359999999999,52.800000000000004
2591.235,193.4
1736.8559999999998,121.30000000000001
3493.002,256.1
1355.981,121.4
184.69400000000002,12.2
2369.322,156.1
1507.199,116.1
2200.186,161.09999999999997
2672.7029999999995,185.7
2265.264,152.6
3977.5829999999996,284.3
3254.824000000001,213.40000000000006
1248.878,87.2
2908.183,212.1
4209.216,299.19999999999993
2624.171,179.3
2222.035,189.89999999999998
452.70300000000003,32.2
452.70300000000003,32.2
1325.8419999999999,89.8
3611.4519999999998,261.5
986.9289999999999,65.8
2686.369000000001,190.5
4391.683999999999,349.2999999999999
3332.873,237.50000000000003
1885.887,124.70000000000003
1211.011,83.9
2388.968,165.70000000000005
2664.0289999999995,183.50000000000003
3944.183,277.20000000000005
4266.225,277.5
569.6199999999999,37.1
2217.823,144.1
2636.4230000000002,173.20000000000005
1426.0420000000001,100.9
188.628,12.2
2281.372,178.69999999999996
2941.6380000000004,177.9
5010.809,360.0999999999999
2465.2219999999998,206.5
3153.8520000000003,210.89999999999998
4516.106999999999,393.50000000000006
4042.383999999999,274.00000000000006
2480.378000000001,177.20000000000002
2605.855,169.9
2524.043,174.8
3479.636,245.60000000000002
2920.686,204.89999999999998
3583.8759999999997,261.09999999999997
3543.255,197.6
4661.050000000001,330.0
2180.5780000000004,160.10000000000002
3482.9109999999996,221.8
2647.6049999999996,184.4
2470.609999999999,168.60000000000002
1212.362,87.4
3166.4240000000004,224.50000000000006
1778.646,108.4
1706.9209999999998,113.29999999999998
1819.0800000000002,127.69999999999999
5490.972999999999,362.3999999999999
627.495,40.7
3808.49,268.49999999999994
2903.609999999999,216.2
4077.348,229.6
5031.849999999999,338.6
1719.693,121.4
3059.5429999999997,224.79999999999995
2106.822,157.1
1490.317,100.89999999999999
4905.766000000001,279.00000000000006
5291.886,378.2
2840.8760000000007,206.0
3382.8000000000006,227.90000000000006
760.0939999999999,48.69999999999999
1069.135,72.10000000000001
4919.188999999999,341.80000000000007
3301.162000000001,228.60000000000005
2797.7859999999996,186.29999999999998
2108.6409999999996,142.70000000000002
1924.703,137.6
2812.6629999999996,208.3
5574.545999999999,355.99999999999994
1422.394,96.2
1422.394,96.2
4052.969000000002,306.89999999999986
3121.987,234.7
2076.613,144.79999999999998
1469.1880000000003,101.79999999999998
1844.368,136.29999999999998
3553.785,256.6
904.134,65.7
4628.012999999999,317.3
4703.376,320.00000000000006
2018.275,139.1
246.334,16.0
3590.994999999999,247.9
4370.104999999999,306.29999999999995
3350.92,228.49999999999997
1865.729,122.00000000000001
4964.0470000000005,351.3
2587.7609999999995,188.90000000000003
2779.0190000000002,198.10000000000002
4023.658,313.0
4937.55,335.50000000000006
3843.15,274.49999999999994
2965.384,212.7
5014.917000000001,352.0
458.024,31.0
5438.016,345.90000000000003
3246.784,225.5
4278.664,303.09999999999997
3117.6540000000005,217.79999999999995
3174.041,229.79999999999995
3790.819000000001,257.2
3387.7709999999997,238.8
2027.8929999999998,143.5
5549.155000000001,385.9
2779.833,181.60000000000002
3132.103,203.4
1306.774,89.5
3886.978999999999,273.5
755.497,48.6
30.153,2.0
1559.5330000000001,111.80000000000003
1434.3859999999997,96.0
1270.663,82.5
1811.696,122.09999999999998
1247.1810000000003,94.89999999999999
4074.2619999999997,304.2
5257.636000000001,359.2
2222.7129999999997,147.3
1329.3880000000001,92.39999999999999
1874.31,137.20000000000002
3221.5859999999993,236.60000000000008
4352.763999999999,317.00000000000006
2236.1320000000005,144.7
3317.7160000000003,238.50000000000006
1110.1190000000001,74.89999999999999
4447.2880000000005,317.6
4192.376,213.70000000000002
3716.3260000000005,264.4
2875.6510000000007,177.9
5587.102000000002,397.9999999999999
1889.0610000000001,140.50000000000003
3043.373,194.60000000000002
807.137,60.8
2708.0,205.2
1624.747,105.5
888.9299999999998,57.70000000000001
729.0710000000001,52.0
4333.956,252.60000000000002
3384.308,241.5
1929.8779999999997,143.89999999999998
1125.0119999999997,118.1
2857.6139999999996,204.90000000000006
3326.1199999999994,212.7
3078.822,228.2
2131.246,151.2
2370.421,161.40000000000003
5062.8859999999995,360.6000000000001
3974.638000000001,280.19999999999993
5165.066,364.4
1712.952,113.30000000000001
5100.815,320.19999999999993
1141.148,74.2
3756.671,277.3
1559.935,111.7
1487.163,103.29999999999997
3741.1050000000014,266.7
2578.4579999999996,185.30000000000004
349.04599999999994,23.1
2773.222,179.4
920.765,68.7
1816.366,121.10000000000002
2186.3060000000005,145.7
3110.8880000000004,209.1
1732.551,122.0
4427.107,292.79999999999995
1064.439,68.7
1457.504,94.3
3117.245,198.2
2129.695,136.50000000000003
1312.6850000000002,95.6
2596.708,173.20000000000002
1297.8329999999999,95.19999999999999
1894.853,130.40000000000003
2410.4539999999997,163.9
1654.045,122.8
2285.5600000000004,166.1
1281.7389999999998,88.30000000000001
3132.9410000000003,207.10000000000002
5311.952999999999,377.20000000000005
2427.535,160.3
4144.335,262.40000000000003
761.644,49.4
4234.566,300.0999999999999
3439.559,229.2
4554.6359999999995,329.1
3912.764000000001,282.19999999999993
3114.8140000000003,221.2
3433.407,251.10000000000002
2373.542,166.20000000000002
1908.0410000000002,141.69999999999996
4570.849000000001,303.40000000000003
1860.3560000000002,137.50000000000003
1991.7839999999999,129.4
2746.2489999999993,192.59999999999997
2183.195,161.10000000000002
396.29600000000005,28.9
795.7360000000001,51.9
816.916,52.4
2720.9309999999996,179.10000000000002
745.113,49.99999999999999
3812.897,261.1
3152.536,224.29999999999995
5141.711999999999,320.1
4528.144,322.20000000000005
643.985,47.3
3351.4700000000003,236.09999999999997
1944.0829999999999,131.3
4256.88,301.5999999999999
4256.88,301.5999999999999
794.943,51.9
1577.9859999999999,111.0
2036.2429999999997,152.0
2688.0770000000007,186.0
1476.765,99.0
3125.4299999999994,213.29999999999993
3302.6620000000003,233.20000000000002
2860.559,197.29999999999998
3985.2160000000003,246.1
2492.1499999999996,164.99999999999997
1050.166,68.4
3832.9279999999994,238.4
899.872,65.9
5268.723999999998,373.19999999999993
1593.9379999999999,104.59999999999998
4920.511,334.59999999999997
773.473,52.9
6054.220999999999,388.7999999999999
3559.174000000001,229.7
5907.147999999999,465.3
813.1480000000001,55.3
3943.285,286.30000000000007
725.6740000000001,47.39999999999999
3714.6270000000004,253.99999999999997
4326.864999999999,324.09999999999997
3958.9989999999993,266.40000000000003
3462.9539999999997,170.4
4730.147999999999,328.2000000000001
887.2429999999999,57.9
574.197,37.300000000000004
4321.35,274.7
767.6120000000001,50.2
4318.693,311.8999999999999
2154.377,139.40000000000003
2850.19,193.29999999999995
4197.302999999999,276.50000000000006
1582.5210000000002,114.39999999999999
3333.019999999999,225.89999999999995
4008.0969999999998,283.09999999999997
5582.396999999999,376.0
3128.534,205.5
3128.534,205.5
2324.489,236.1
4382.294000000001,318.69999999999993
3277.1780000000003,228.39999999999995
3270.7999999999997,185.0
3886.767999999999,275.69999999999993
3247.576,238.8
3852.1209999999996,255.29999999999995
4578.588999999999,238.90000000000003
5149.7970000000005,346.09999999999985
3964.054000000001,287.09999999999997
2092.445,142.29999999999998
2465.6330000000003,154.79999999999998
1444.791,94.70000000000002
3315.9030000000002,244.20000000000002
1916.5029999999997,132.29999999999998
2858.9519999999998,188.29999999999998
2895.257,261.8
4348.3820000000005,315.9
4982.663,319.40000000000003
2985.263999999999,188.90000000000003
2239.0499999999997,155.4
2681.3750000000005,180.0
3201.0550000000003,229.60000000000002
5194.349000000001,369.2
2439.627,179.69999999999996
4628.730999999999,321.8
5342.932000000001,377.49999999999983
3129.366,229.50000000000009
2663.1020000000003,193.10000000000002
2236.426,163.4
3569.0870000000004,236.7
4929.336999999999,343.0
3634.4559999999988,257.8
3951.4719999999993,273.40000000000003
1060.062,72.9
4963.063000000001,348.79999999999995
497.43000000000006,33.1
2391.8469999999998,166.7
2347.9919999999997,141.99999999999997
2223.347,158.69999999999996
3731.265000000001,244.0
1062.617,70.8
578.932,37.6
4405.96,318.1
5418.0779999999995,380.3999999999999
2208.917,145.99999999999997
3991.199,286.2
47.076,21.7
2458.0130000000004,183.29999999999998
1059.3870000000002,78.50000000000003
1879.3319999999999,139.8
3959.1669999999995,278.7
1790.2889999999998,128.5
2360.495,172.4
2416.2900000000004,157.60000000000002
1024.131,66.50000000000001
1190.3129999999999,79.89999999999999
1902.6479999999997,139.60000000000002
4392.474,279.59999999999997
1867.599,121.89999999999996
2167.895,249.7
3044.6750000000006,196.09999999999997
1296.7549999999999,99.3
2774.723,190.89999999999998
1568.9309999999996,108.69999999999999
1412.507,93.8
1749.247,193.50000000000003
3838.289,236.09999999999997
3283.4220000000005,224.09999999999994
908.4129999999999,59.1
1635.984,120.89999999999999
2965.4859999999994,212.60000000000002
4348.286,319.3999999999999
2370.495,176.3
3915.771,260.0
3703.0399999999995,233.6
3460.1110000000003,241.09999999999997
3565.522,255.40000000000003
3819.7249999999995,270.3
4522.632,325.2
3845.136000000002,259.79999999999995
1829.5649999999998,127.5
4885.176,312.6000000000001
110.536,7.5
2920.8750000000005,190.49999999999994
2930.9919999999993,199.40000000000003
3985.566000000001,284.00000000000006
1106.3039999999999,80.60000000000001
2374.072,241.20000000000005
2817.4539999999993,192.70000000000005
3412.712999999999,249.99999999999997
1280.648,96.60000000000001
2626.3669999999993,196.3
2178.277,110.0
2236.025,155.10000000000002
4290.933,284.69999999999993
1721.1099999999997,112.70000000000002
2999.144,206.4
411.16200000000003,27.1
2801.5969999999993,184.9
4545.38,319.5
3881.1959999999995,292.6
4432.416999999999,309.0
932.0989999999999,64.5
4687.744,329.80000000000007
2945.644,216.39999999999995
1001.8700000000001,65.0
3210.377,239.5
4124.416000000001,289.70000000000005
1991.843,137.1
1512.912,100.3
4239.105,303.4
2638.0340000000006,180.9
2638.0340000000006,180.9
1579.69,176.6
2054.314,175.60000000000002
2171.048,162.00000000000003
2951.5280000000007,205.7
812.9010000000001,55.599999999999994
3096.3389999999995,219.9
3676.6920000000005,253.9
5178.915,342.99999999999994
3717.0909999999994,276.10000000000014
5572.009000000003,386.5
1237.877,82.80000000000001
3040.4359999999997,219.79999999999998
2967.9039999999995,195.00000000000003
2149.998,160.5
1211.89,88.89999999999999
3838.26,247.29999999999998
2877.6389999999997,213.1
5036.562000000001,330.0
2480.6500000000005,168.9
1711.13,117.60000000000001
1389.2089999999996,92.5
3980.868,262.8
806.52,52.9
3555.4130000000005,232.2
671.0960000000001,43.6
2919.433,216.39999999999998
1279.749,88.69999999999999
3740.198000000001,271.59999999999997
4042.482999999999,301.00000000000017
3629.2400000000007,248.2
814.038,57.1
3539.5799999999995,260.6000000000001
1090.094,72.7
4500.2,296.19999999999993
2193.3149999999996,145.2
1998.2259999999999,133.6
3284.461999999999,211.70000000000002
3127.2359999999994,205.39999999999995
3031.3439999999987,220.79999999999995
4250.3290000000015,309.29999999999995
4423.008,315.4
1238.5239999999997,82.5
3946.7449999999994,274.19999999999993
4360.558,271.29999999999995
3532.0490000000004,235.50000000000006
3359.7080000000005,187.79999999999998
4042.258,298.8999999999999
1383.4669999999999,101.7
3011.9709999999995,198.60000000000002
1245.416,93.6
1171.364,76.7
5360.814,359.8999999999999
3328.008,210.0
3448.688,245.90000000000006
1238.845,90.5
3511.817,240.40000000000003
1192.1179999999997,84.69999999999999
4626.36,316.50000000000006
3087.951,200.29999999999995
238.128,17.8
1433.57,110.89999999999999
2359.009,174.70000000000005
4741.461000000002,339.69999999999993
1455.0960000000002,121.5
4046.3280000000004,270.8
3721.5779999999986,248.60000000000005
4714.674999999999,342.00000000000006
1201.7459999999999,78.6
3922.0940000000005,286.1000000000001
4999.376000000001,353.2
4609.567,314.79999999999995
4299.664,306.09999999999997
2539.0319999999992,176.1
4716.111999999999,325.4
2324.191,168.8
2168.431,146.5
4134.219000000001,293.79999999999995
1784.861,124.39999999999999
5447.086,384.3999999999999
3559.7069999999994,247.29999999999993
5340.106999999998,354.09999999999997
2268.906,149.90000000000003
2686.476,190.00000000000003
3102.357,205.00000000000003
2348.567,150.4
2578.1220000000003,190.3
3223.9660000000003,233.20000000000002
3349.5960000000005,243.6
3045.305,201.9
2260.867,164.6
5336.245000000002,352.90000000000003
1889.2269999999999,128.5
2612.958,185.49999999999997
3736.5389999999998,210.2
1600.951,103.2
957.4279999999999,67.4
2261.476,150.2
3962.4100000000008,284.7
1751.744,130.4
4745.830000000001,335.3
4507.958999999999,240.20000000000002
1988.1740000000004,132.0
2189.851,143.20000000000002
2475.54,154.79999999999998
4445.012000000001,315.29999999999995
3398.1979999999994,241.50000000000003
2275.291,157.50000000000003
1019.9980000000002,79.80000000000001
2904.711,223.1
3077.2430000000004,210.69999999999996
3455.6220000000008,239.3
4397.822000000001,304.09999999999997
3702.676,248.8
5210.219999999999,353.80000000000007
3682.524999999999,258.80000000000007
3148.6189999999992,229.29999999999998
1045.036,68.2
2790.3410000000003,208.50000000000006
1811.276,132.10000000000002
3533.46,238.1
3432.512999999999,252.89999999999995
3985.015,285.70000000000005
2615.1569999999997,187.3
2700.2439999999992,196.49999999999997
2916.078,213.4
4750.933999999999,330.9
3126.9030000000002,208.20000000000002
4987.198,358.7
2886.4759999999997,187.60000000000002
1688.397,112.30000000000001
3621.207999999999,261.1
2110.84,138.20000000000002
3180.8219999999997,232.79999999999998
4880.258999999998,344.6999999999999
864.789,56.099999999999994
2432.08,162.9
2918.61,198.49999999999997
2584.1559999999995,192.5
2645.8599999999997,168.5
3696.745,250.19999999999993
2557.1020000000003,174.2
3965.586,333.40000000000003
4330.508000000001,247.19999999999996
4385.516999999999,319.3
1451.629,104.10000000000001
4893.493999999999,298.4
3555.7700000000004,261.20000000000005
4553.616000000001,297.59999999999985
2652.14,191.9
2126.6169999999993,157.39999999999998
1297.439,95.1
3274.2110000000002,230.69999999999993
3493.7270000000008,230.90000000000003
1714.598,208.5
2164.491,161.50000000000003
3105.4139999999998,222.49999999999997
2204.0699999999997,152.20000000000002
2193.242,133.39999999999998
3866.6549999999997,281.0000000000001
3070.1,220.40000000000003
1403.1140000000003,90.8
2804.753,200.20000000000002
3551.7750000000005,251.80000000000004
5068.250999999998,365.29999999999995
2985.628999999999,203.9
3330.7540000000004,236.2
3096.860999999999,226.10000000000002
4047.5769999999998,204.7
2815.381,214.5
2020.8619999999996,148.59999999999997
3222.383,240.8
3004.0029999999997,236.3
1548.992,104.80000000000001
3489.94,240.60000000000002
4715.580000000001,337.5
5438.150999999999,380.6
2547.0899999999992,185.1
464.96900000000005,30.299999999999997
948.367,61.50000000000001
3634.584,246.0999999999999
3193.876,262.90000000000003
3622.0190000000002,200.59999999999997
1496.1879999999999,97.3
3606.634,263.80000000000007
4584.151000000001,335.1
3943.584,221.3
3255.6739999999995,220.60000000000005
863.223,63.99999999999999
1489.634,100.29999999999998
4544.433999999999,262.1000000000001
1867.815,109.3
2140.171,146.10000000000002
4069.3339999999994,340.2
3903.9000000000005,277.3
3259.4629999999993,232.79999999999995
2428.967,176.70000000000002
3635.973,257.4
2357.652,175.70000000000002
2528.4210000000003,175.0
1639.565,106.80000000000001
3962.467000000001,282.1
1467.3869999999997,97.8
3187.966000000001,215.30000000000007
3509.08,257.29999999999995
4371.756,309.40000000000003
2529.5679999999998,184.8
2646.234999999999,191.0
2200.877,163.2
3486.463999999998,255.9
2971.3569999999995,208.20000000000002
2142.399,223.8
3855.3759999999993,296.0999999999999
3157.6580000000004,223.1
3628.5730000000003,252.2
1733.585,165.89999999999998
5005.864999999999,362.0
2090.2290000000003,157.60000000000002
4824.732000000002,339.9
786.7330000000001,56.2
3893.078,334.6
3239.289999999999,237.50000000000003
3425.077,222.29999999999995
2397.023,181.0
5184.703000000002,335.29999999999995
444.48100000000005,28.799999999999997
3262.1690000000003,240.70000000000002
2859.9359999999997,208.5
3984.3189999999995,292.1000000000001
4750.941999999999,256.6
4692.248999999999,327.79999999999995
4265.428000000001,342.7
776.3480000000001,54.1
3479.05,231.80000000000004
5010.502000000001,334.49999999999994
326.749,24.5
1663.35,126.1
3854.0550000000003,283.4
3422.3619999999996,244.10000000000002
1433.78,100.70000000000002
4331.796,304.19999999999993
4817.480000000001,343.5
1779.589,123.70000000000002
3338.2989999999995,238.4
4343.004,315.0000000000001
3375.5769999999993,223.1
3657.4240000000004,272.7
4627.022,328.0
3050.0699999999993,201.70000000000002
1426.7589999999998,92.6
2944.834,174.50000000000003
3435.701000000001,227.8
1601.488,70.19999999999999
5136.452,357.7
2237.17,203.7
3338.9569999999994,246.80000000000004
2342.9790000000003,154.80000000000004
1435.433,106.10000000000001
704.013,52.5
1666.4209999999996,101.80000000000001
4782.272,298.0
3270.145000000001,232.5
4436.416,317.59999999999985
2472.4860000000003,182.10000000000002
1679.828,123.7
4504.675000000001,324.9999999999999
2018.0549999999996,134.20000000000002
2092.2340000000004,152.20000000000002
1380.322,98.1
3840.7960000000003,260.19999999999993
1418.57,98.7
4668.808,288.59999999999997
2004.096,147.89999999999998
1912.1999999999998,124.60000000000001
3984.952000000001,285.4
4137.335000000001,296.9
1995.776,143.3
1995.776,143.3
962.347,69.9
2046.7379999999996,133.3
3010.1209999999996,204.20000000000002
4191.848,308.99999999999994
3559.41,247.50000000000006
2433.1380000000004,156.1
3101.6140000000005,172.3
3541.386,258.6
4698.772,334.5
2467.874,162.6
4223.687000000001,296.5999999999999
6523.204000000001,456.3999999999999
5601.009000000001,405.79999999999995
3043.702,222.29999999999998
2612.8269999999998,176.8
4476.215,284.99999999999994
4394.067999999999,294.09999999999997
3890.058000000001,283.7999999999999
3514.961,234.70000000000002
3560.027999999999,262.2
3387.2919999999995,250.29999999999995
3675.9290000000005,240.19999999999996
584.1569999999999,37.5
2132.7850000000003,155.3
3975.8179999999993,292.7000000000001
3664.6250000000005,243.49999999999997
2488.1289999999995,175.70000000000002
877.2739999999999,63.599999999999994
1899.7769999999998,141.7
3826.118,274.3
2554.7450000000003,191.7
2803.1130000000003,184.80000000000007
2767.938,204.00000000000003
4954.369999999999,305.90000000000003
357.727,23.699999999999996
2198.405,132.39999999999995
4336.17,279.3999999999999
3616.111999999999,255.0
2243.79,147.9
1037.445,73.1
2364.3229999999994,143.6
4906.182999999999,325.29999999999995
5372.0160000000005,375.3
4227.553000000001,302.49999999999994
4932.931999999999,346.9
3651.556,413.3999999999999
4544.212000000001,323.6000000000001
4124.920000000001,280.9999999999999
1722.4569999999999,127.1
2242.343999999999,148.3
890.446,60.50000000000001
1805.769,128.0
5308.654999999997,332.6
3071.849,215.40000000000003
829.245,61.9
2351.806,159.09999999999997
3783.0,273.69999999999993
4339.675,300.5999999999999
5286.995000000002,375.20000000000005
675.315,43.8
1974.7559999999999,138.0
4435.231000000001,312.29999999999995
4435.231000000001,312.29999999999995
4205.423,299.5
3740.6090000000004,268.79999999999995
4336.048000000001,308.69999999999993
3841.8639999999996,277.29999999999995
2696.774,180.7
640.63,43.10000000000001
2261.1979999999994,150.79999999999998
5171.251,463.29999999999984
3106.1270000000004,202.29999999999998
2845.27,197.19999999999993
5037.197999999999,344.79999999999995
4201.583,310.6000000000001
2367.5119999999997,164.60000000000005
1472.9559999999997,147.79999999999998
2167.31,147.79999999999998
4543.900000000001,326.0
2214.2450000000003,147.0
1009.4730000000001,71.89999999999999
3644.264,355.40000000000003
1563.371,175.70000000000002
3474.0469999999996,229.6
2900.051,204.10000000000002
2824.1100000000006,209.0
887.7239999999999,59.1
3483.783,223.09999999999997
3046.1059999999998,219.40000000000006
4137.69,299.9000000000001
3809.9420000000005,247.60000000000002
758.2479999999999,49.4
2075.112,144.9
5356.73,313.20000000000005
1213.551,107.3
2739.366,190.4
3160.611,210.60000000000005
3926.894,243.5
5510.7660000000005,401.3999999999999
4024.0679999999998,281.8
3534.9110000000005,231.70000000000002
4907.428,339.69999999999993
4512.4299999999985,322.6
2858.6,193.8
2356.4749999999995,190.10000000000002
4393.102,235.90000000000003
179.041,11.6
1972.428,147.1
3939.8579999999997,261.9
1346.4989999999998,95.60000000000001
1640.674,108.30000000000001
1640.674,108.30000000000001
1984.26,132.5
2233.604,153.5
1619.899,106.19999999999999
2580.676,166.3
3644.245000000001,267.5
4609.265,325.19999999999993
1486.8809999999999,104.19999999999997
1225.082,87.3
4212.645,278.9
1807.3060000000003,134.6
1194.0490000000002,79.4
4409.694,302.50000000000006
1034.32,67.59999999999998
1395.2430000000002,108.80000000000001
2623.829999999999,186.89999999999995
2366.016,173.6
2222.9420000000005,139.49999999999997
2586.6739999999995,193.2
1010.311,75.3
1610.834,116.39999999999999
1916.399,128.10000000000002
4393.026999999999,323.6
1630.4710000000002,119.8
1475.766,103.6
2277.25,150.10000000000002
4486.667000000001,319.7
5067.235,346.09999999999997
3586.657,234.7
2848.131999999999,189.30000000000004
4921.104999999999,350.29999999999995
1808.883,127.19999999999999
1454.776,103.89999999999999
1348.889,90.8
3764.2559999999994,272.29999999999995
3988.046000000001,278.8
3487.9730000000004,238.10000000000002
2800.375,149.99999999999997
1792.906,129.1
3637.495,259.1
2839.874999999999,203.79999999999998
3220.661,223.30000000000004
1985.9669999999992,130.90000000000003
3597.578,257.00000000000006
4535.068000000001,300.2
1515.558,110.8
5089.468000000001,296.5
3802.6760000000004,277.70000000000005
1364.2389999999998,95.0
1909.0809999999997,129.50000000000003
1737.1720000000003,128.8
744.811,48.400000000000006
3947.7420000000006,267.4
2807.9009999999994,189.0
633.729,46.5
2464.0550000000003,179.39999999999998
2989.0029999999997,192.49999999999994
3961.6900000000005,282.39999999999986
5627.098,395.99999999999994
4081.3360000000002,290.20000000000005
3482.1220000000003,243.20000000000002
1859.2980000000002,117.40000000000002
2016.5880000000004,119.5
4343.106000000001,312.79999999999995
1942.841,137.1
724.685,50.199999999999996
2055.221,151.30000000000004
5018.925000000001,358.4
2602.1800000000003,181.2
1147.687,78.7
986.7740000000001,64.3
3065.3279999999995,193.29999999999998
4382.776999999999,306.70000000000005
1074.293,72.4
3268.695,234.80000000000007
3646.8180000000007,259.3
3547.957,259.4
3680.753,249.3
2904.5820000000003,152.89999999999998
0.0,0.0
3648.8310000000006,256.50000000000006
3949.331,290.29999999999995
4081.4599999999996,246.29999999999998
1396.594,91.4
1729.4180000000001,118.9
3234.358,186.0
1779.3719999999998,116.10000000000001
1851.2669999999998,123.10000000000001
1446.1910000000003,93.80000000000001
4526.626,328.70000000000005
5431.786999999999,356.29999999999984
4352.215,362.8999999999999
3238.443,223.39999999999992
3977.077,291.79999999999995
4925.718000000001,367.8999999999999
4925.718000000001,367.8999999999999
2585.3770000000004,191.9
1107.4479999999999,76.0
3780.3070000000002,250.50000000000003
2275.087,166.6
2589.598,173.80000000000004
3248.8009999999995,211.89999999999998
3275.0969999999993,233.10000000000002
2110.0490000000004,145.6
3435.5639999999994,241.50000000000006
2442.433,172.8
4473.729000000001,311.70000000000005
5192.666,307.7
4471.163999999999,305.1
2059.346,149.3
1331.609,81.1
4284.899,308.8
1160.808,76.29999999999998
5037.312000000003,357.29999999999984
3134.6550000000007,203.79999999999995
4971.162000000001,315.2
4245.719999999999,296.49999999999994
3017.6630000000005,213.29999999999998
4704.286999999999,335.8999999999999
3308.1530000000007,181.0
4172.5199999999995,293.4999999999999
1094.8509999999999,77.8
2867.269,182.20000000000002
4230.1370000000015,278.1000000000001
5045.422,366.6000000000001
2690.231,162.39999999999998
3546.429999999999,260.9000000000001
5025.472000000002,358.29999999999995
2982.4260000000004,195.29999999999995
2685.6349999999998,180.79999999999998
508.847,38.099999999999994
1416.4399999999998,96.69999999999999
3333.607,230.1
1759.2640000000004,128.3
4194.241,309.8000000000001
3363.4970000000008,233.39999999999992
4399.619999999999,264.70000000000005
3978.385000000001,277.9
1466.9550000000002,102.2
633.497,41.900000000000006
4991.01,336.8
1948.608,218.2
4067.877,274.9999999999999
261.46500000000003,17.5
3756.1709999999994,266.8
1425.855,99.80000000000001
4978.608000000001,338.5999999999999
1825.9470000000006,120.60000000000002
2334.8350000000005,150.20000000000005
430.851,28.1
430.851,28.1
1754.6960000000001,123.10000000000001
526.259,34.0
1895.4979999999998,124.60000000000001
686.783,46.300000000000004
4688.563000000001,331.1999999999998
1400.373,108.4
2616.447,173.50000000000003
2287.614,169.49999999999991
3036.7880000000005,214.10000000000002
2680.8610000000003,193.29999999999998
3416.104999999999,242.9
4656.602000000002,334.29999999999995
3616.8630000000003,255.89999999999998
1659.863,107.4
3216.8450000000003,204.89999999999995
3688.767999999999,266.5
712.8880000000001,49.79999999999999
6478.0520000000015,473.7999999999999
4134.812,277.59999999999997
2888.6099999999997,185.39999999999998
2656.755,198.20000000000002
3451.814,251.10000000000002
2252.857,152.90000000000003
1958.571,147.20000000000002
2478.115,177.39999999999995
1768.5749999999998,140.20000000000002
3320.672999999999,246.49999999999997
2678.7819999999997,193.50000000000003
775.3309999999999,50.29999999999999
3278.8099999999995,239.89999999999998
4418.166,323.19999999999993
474.829,31.0
1049.881,69.2
3314.5160000000005,233.4
4176.260999999999,284.30000000000007
4254.893000000001,302.9000000000001
1080.93,74.49999999999999
2846.159,207.90000000000003
1480.5590000000004,96.2
4415.338,337.89999999999986
2293.45,161.90000000000003
1826.4379999999996,121.2
5295.867000000001,371.1
3562.3690000000006,343.59999999999997
2640.9900000000007,179.00000000000003
2166.903,159.6
2386.3309999999997,249.2
5054.035,321.00000000000006
2353.363,169.40000000000003
3414.9449999999997,247.5
3479.0609999999997,249.69999999999993
3475.578,245.39999999999998
4538.982,322.00000000000006
2380.951,188.2
3403.024999999999,218.69999999999993
907.467,109.4
1633.901,119.19999999999999
3197.9410000000007,229.0
4500.803000000001,294.1999999999999
5397.481999999999,379.0999999999999
1817.27,135.79999999999995
4588.3,332.5
1874.9679999999998,124.49999999999999
3167.307,232.60000000000002
1815.257,125.09999999999998
1910.0259999999998,125.8
2212.7099999999996,147.6
3769.4919999999997,265.99999999999994
3769.4919999999997,265.99999999999994
1939.1979999999999,160.5
2610.7729999999997,180.70000000000002
4880.509000000001,354.4
5291.093000000001,378.09999999999997
2365.406000000001,156.3
1752.0920000000003,131.1
3802.5119999999993,274.8
1160.358,76.2
3955.533,278.8999999999999
3930.2770000000005,262.0999999999999
3866.087,274.8
3343.6530000000007,238.50000000000003
2576.056,177.7
2576.056,177.7
1797.3640000000003,118.1
4910.989999999998,349.0999999999999
2859.936,208.50000000000003
2196.2610000000004,143.1
5691.646000000002,375.1
3554.345999999999,235.10000000000002
4233.483000000001,292.09999999999997
434.09599999999995,28.1
2255.7259999999997,151.70000000000002
1929.614,129.3
3202.6270000000004,228.49999999999997
4159.034,307.29999999999995
4370.467,366.39999999999986
2146.024,143.2
2573.874,168.90000000000003
5187.556000000001,362.79999999999995
4570.965,329.0
4959.482000000001,351.19999999999993
1464.887,95.59999999999998
2810.16,183.2
1668.0789999999995,116.1
3094.316,284.00000000000006
4642.916999999999,332.40000000000003
4665.699000000002,330.19999999999993
3177.448,207.7
1170.964,71.2
2293.367,211.5
1884.0160000000003,121.50000000000001
3954.484,288.0
1111.8909999999998,74.3
3603.823,257.2
2923.0859999999993,194.39999999999998
3378.412,230.5
3234.2560000000003,229.8
2021.075,138.3
838.1899999999999,60.099999999999994
1180.1680000000001,88.1
3321.6629999999996,234.7
2025.5049999999997,192.60000000000002
3502.091999999999,233.29999999999998
1252.4080000000001,93.89999999999999
1067.134,74.1
1038.354,74.2
4077.137999999999,272.90000000000003
5196.992,343.2
2528.4829999999997,176.2
5667.256999999999,391.49999999999994
4802.240999999999,355.5000000000001
1078.403,70.7
1660.798,113.7
403.078,27.799999999999997
3232.643999999999,236.89999999999995
1962.184,141.5
3033.2730000000006,217.39999999999995
5320.514999999999,350.99999999999983
1348.8170000000002,91.6
3048.6450000000004,231.79999999999998
1796.8470000000002,118.50000000000003
3463.929,230.69999999999996
4016.9879999999994,243.20000000000002
2555.567,168.60000000000005
2964.8849999999998,213.89999999999995
2681.899,178.09999999999994
4677.528999999999,298.50000000000006
4628.427000000001,338.7
4191.637,298.2000000000001
5837.438,415.89999999999986
2143.308,157.80000000000004
2961.169999999999,219.5
5793.223999999998,378.4
1559.151,104.89999999999999
3754.0620000000004,256.1
3968.7840000000015,268.4
1590.1630000000002,118.3
1590.1630000000002,118.3
3204.928999999999,225.7
5038.459,360.09999999999997
4069.407000000002,276.9
2740.3770000000004,189.39999999999995
3613.809,258.3
1961.4460000000001,190.0
2599.853,193.99999999999997
498.691,34.1
2914.4450000000006,212.0
2848.9060000000004,206.5
2987.9620000000004,213.9
1175.836,104.30000000000001
1396.521,104.20000000000002
2895.0860000000002,213.00000000000003
2608.0409999999997,193.29999999999998
3952.9580000000005,262.2
2122.922,155.9
2883.414,201.9
634.8900000000001,41.8
2545.0790000000006,166.09999999999997
1951.607,135.3
3424.0799999999995,201.3
1538.897,99.6
3957.7340000000004,254.39999999999992
2554.9529999999995,166.20000000000005
1821.495,121.10000000000001
3979.895,282.50000000000006
3263.2599999999998,229.90000000000003
5318.9349999999995,357.90000000000003
1646.9409999999998,108.0
3330.4670000000006,232.80000000000004
3857.7719999999995,268.99999999999994
4174.365,297.5
1986.2290000000003,132.5
1955.181,112.5
716.6729999999999,50.6
2190.659,160.0
3641.6659999999993,285.1
2559.231,181.20000000000002
1213.7189999999998,85.2
2730.926999999999,216.70000000000002
4336.963,308.99999999999994
1637.342,194.6
1499.328,102.0
2164.4359999999997,150.89999999999998
1473.9019999999996,106.49999999999999
3873.1440000000002,279.9
575.785,30.1
4690.986999999999,336.40000000000003
1937.886,131.9
1840.211,105.90000000000002
4382.6230000000005,308.00000000000006
2943.963,200.6
3234.926,230.2
1820.6250000000002,123.80000000000001
4925.389000000001,356.4000000000001
4455.012,244.50000000000006
3798.014,273.9
2237.235,146.8
2584.7980000000007,189.90000000000003
3292.223000000001,241.8
2601.65,195.29999999999998
904.5459999999999,67.7
2406.461,168.1
2604.6760000000004,174.09999999999997
2683.618,198.39999999999998
2360.3360000000002,151.89999999999998
2497.176999999999,181.0999999999999
2361.543,163.70000000000005
2142.9320000000002,145.29999999999998
3895.2870000000003,259.3
5537.138,371.69999999999993
2885.681,218.9
3557.6959999999995,266.2
3618.254000000001,255.39999999999992
3618.254000000001,255.39999999999992
3381.97,245.19999999999996
3128.961,227.00000000000006
1982.19,144.90000000000003
3277.014,240.2
1291.881,82.60000000000002
3374.494,220.39999999999995
2199.7219999999998,151.6
536.904,34.9
4051.7490000000007,286.7999999999999
2603.229,189.29999999999998
4750.097000000001,319.1
1218.347,87.2
2038.582,146.4
4294.647,308.20000000000005
1750.5700000000002,127.19999999999999
4925.772,331.10000000000014
3296.527,241.99999999999994
4090.2910000000006,290.0
1988.8500000000004,142.2
924.0909999999999,61.699999999999996
1907.157,124.89999999999996
3352.4729999999995,232.30000000000004
242.041,15.799999999999999
1890.222,128.00000000000003
1975.3870000000002,145.79999999999995
2235.494,151.7
308.757,27.200000000000003
1806.944,134.3
3664.549000000001,257.30000000000007
3611.873999999999,257.69999999999993
4398.613,327.0999999999999
2807.002,202.49999999999997
2879.6960000000004,179.1
3354.7989999999995,241.99999999999994
1889.6070000000002,112.30000000000003
2977.648,206.29999999999998
2328.364,180.1
6144.6889999999985,419.4999999999999
3159.6730000000002,223.00000000000003
3219.594999999999,228.40000000000003
3133.089,221.3
2926.8250000000003,192.2
1780.8980000000001,116.0
3501.6879999999996,248.09999999999997
2140.3759999999997,149.9
2605.396,182.9
1061.1760000000002,69.1
4937.0689999999995,355.69999999999993
779.246,52.9
5465.862000000001,395.99999999999994
1309.7679999999998,97.80000000000001
2415.3889999999997,168.29999999999995
5907.694000000001,417.0
2722.918,194.5
3215.2120000000004,212.80000000000004
5231.511999999999,363.20000000000005
1289.86,90.60000000000001
3491.452,232.5
2933.504000000001,211.09999999999997
1593.0819999999997,105.1
2533.229999999999,249.70000000000005
2031.264,149.1
4761.989999999999,329.2000000000001
4836.732,341.9999999999999
5267.665,379.8999999999999
4261.705,299.49999999999994
1842.6790000000003,122.3
1218.347,87.2
4027.5310000000004,289.5999999999999
853.005,58.699999999999996
1766.503,125.19999999999999
1613.4979999999996,118.10000000000001
1665.2419999999997,114.39999999999999
2697.2619999999997,171.3
4045.584,281.7
2785.111,202.3
3297.642,230.39999999999995
2781.417,182.7
2859.2930000000006,193.99999999999997
4843.4619999999995,338.4
1174.31,83.29999999999998
3264.6909999999993,226.49999999999997
4527.995000000001,291.6
1622.4550000000002,111.09999999999998
3137.6709999999994,205.00000000000003
1876.7749999999999,140.39999999999998
1666.706,121.0
1593.1799999999998,104.99999999999999
4764.443,279.2
3763.902,265.70000000000005
6350.594000000003,450.1
3244.713,224.7
1829.719,128.6
1415.6780000000003,100.30000000000001
1987.152,147.29999999999995
3812.389999999999,278.1
3854.5240000000003,219.4
3651.7490000000003,368.99999999999994
2176.8140000000003,148.29999999999998
4113.921,300.4
4259.228999999999,255.0
5057.189,341.09999999999997
2483.0480000000002,185.50000000000006
1321.416,162.7
1616.9699999999998,115.1
3727.543,264.7
3171.9319999999993,235.70000000000002
2635.039,183.60000000000002
3247.2570000000005,212.99999999999991
4486.723,305.3
3071.6760000000004,218.3
2463.2549999999997,170.2
2473.7419999999997,181.10000000000002
1433.4870000000003,92.4
2242.3089999999997,147.79999999999995
4209.101,306.19999999999993
1742.6910000000005,113.80000000000001
1742.6910000000005,113.80000000000001
1121.946,73.99999999999999
5004.898000000001,354.9
3325.3130000000006,237.1
2912.9770000000003,212.89999999999995
3987.149,264.40000000000003
3669.4849999999997,263.1
1742.385,121.0
4955.683,359.2
1927.81,133.00000000000003
1535.3290000000002,108.8
3116.4100000000003,240.10000000000002
2299.687,193.4
2556.0579999999995,188.1
2837.3470000000007,207.39999999999998
3916.432,273.70000000000005
3683.66,245.7
3386.155000000001,225.99999999999994
6172.539000000002,412.4000000000001
5044.946,355.29999999999995
3040.322,202.39999999999998
3636.51,256.90000000000003
1517.9089999999999,106.10000000000001
411.674,28.2
5610.295000000002,356.59999999999997
3724.8959999999997,271.00000000000006
992.0389999999999,73.7
3912.5399999999995,284.80000000000007
3161.2250000000004,230.8
3343.4359999999997,159.0
4983.0160000000005,315.09999999999997
4054.7150000000006,277.09999999999997
4381.129000000002,289.80000000000007
3105.5099999999998,226.50000000000003
3308.3580000000006,218.79999999999998
3759.3149999999996,237.89999999999998
2985.662,212.3
361.791,25.200000000000003
3438.904000000001,214.3
4035.118,267.59999999999997
4153.257,270.09999999999997
4074.8589999999995,295.3
662.4699999999999,46.9
5198.915999999997,341.5999999999999
5095.884,273.59999999999997
2904.4120000000007,194.70000000000002
3043.5900000000006,197.7
485.082,33.1
5813.340999999999,406.2999999999999
3484.9729999999995,249.60000000000002
1543.8790000000001,112.0
2791.7690000000002,183.8
1635.7299999999998,116.8
3620.0769999999998,247.2
3584.1949999999997,256.0
1196.274,83.9
3237.4849999999997,234.50000000000003
3237.4849999999997,234.50000000000003
397.805,29.7
4024.5779999999995,297.00000000000006
2884.027,211.6
2782.88,193.30000000000004
5538.074000000002,390.50000000000006
5184.499,352.70000000000005
3169.360000000001,377.1
2959.1540000000005,216.09999999999997
2567.6949999999997,166.6
2742.704,196.89999999999998
1202.087,82.9
933.99,61.300000000000004
1547.8739999999998,113.8
3336.678,249.4
2382.046,176.50000000000003
1727.414,125.89999999999998
1715.5159999999998,113.49999999999999
2725.388,178.70000000000005
3702.8820000000005,263.09999999999997
4871.430999999999,329.5999999999999
1911.8990000000001,128.20000000000002
3248.9239999999995,229.70000000000005
1904.5359999999998,137.79999999999998
4665.626000000001,328.4
3471.457000000001,252.1
2763.5099999999998,177.00000000000003
4436.958999999999,283.5
2258.8689999999997,166.2
2641.672,183.1
2895.8989999999994,183.4
1838.3599999999997,120.5
2300.251,169.50000000000003
2139.8219999999997,150.20000000000002
4475.111000000002,318.5999999999999
4150.133,215.3
4150.133,215.3
2213.6040000000007,156.9
2610.4169999999995,193.5
3266.717,241.89999999999998
4394.102999999999,305.30000000000007
2590.7909999999997,171.79999999999995
3978.84,262.59999999999997
3457.9770000000008,217.3
3351.1439999999984,227.00000000000003
5133.48,360.1999999999999
975.224,65.0
4746.752000000001,343.5
5465.984000000001,306.40000000000003
1711.576,126.89999999999998
4182.718,291.3
4292.074999999999,273.99999999999994
5057.115000000001,317.3999999999999
1622.785,121.29999999999998
4975.0380000000005,344.2999999999999
4225.592000000001,302.9
3412.8629999999994,254.89999999999998
2771.885,198.49999999999997
1993.968,128.9
4282.318,308.09999999999997
3612.916,240.49999999999997
747.7479999999999,48.800000000000004
5079.608,284.6
5079.608,284.6
4662.206999999999,252.20000000000002
2562.202,177.79999999999995
3949.7310000000007,274.29999999999995
4343.314,281.09999999999997
5394.754999999999,389.1000000000001
1440.426,99.9
3803.7239999999993,238.00000000000003
3224.3300000000013,223.80000000000004
3690.348,302.49999999999994
4451.858000000002,313.39999999999986
5087.431,365.3
1128.3139999999999,73.3
5475.5380000000005,365.70000000000005
3805.4680000000003,273.9
3805.4680000000003,273.9
2739.661,191.29999999999998
4524.013,307.0999999999999
1754.458,130.9
4297.79,308.80000000000007
2053.174,136.9
2112.9909999999995,146.09999999999997
1058.1970000000001,80.19999999999999
4129.673999999998,258.29999999999995
2454.4079999999994,171.79999999999993
1095.466,71.3
3466.0710000000004,242.09999999999997
2939.095000000001,198.70000000000005
2962.285999999999,218.60000000000002
5782.031,385.79999999999995
763.555,49.900000000000006
5107.7339999999995,375.49999999999994
2792.9280000000003,207.29999999999998
1420.5729999999999,99.70000000000002
594.628,38.9
2103.485,146.90000000000006
2148.007,141.79999999999998
3793.3350000000005,273.99999999999994
1558.169,111.6
4679.437,312.99999999999994
3252.831,222.20000000000005
1437.065,93.69999999999999
3842.058,246.3
1417.492,98.8
1417.492,98.8
946.353,97.59999999999998
4198.867,302.30000000000007
1448.7279999999998,98.60000000000001
2203.569,148.2
1945.6969999999997,127.7
5563.388,393.2999999999999
3038.841,222.2
4043.2070000000003,221.8
2135.0350000000003,153.60000000000005
4708.325,293.20000000000005
3175.6130000000003,210.60000000000005
1114.3310000000001,79.19999999999997
4306.734,305.09999999999997
4376.58,309.7
3421.9379999999987,232.6
2650.7360000000003,175.30000000000004
1843.0159999999998,122.60000000000002
3155.4909999999995,224.00000000000003
3540.256,209.39999999999998
4777.7,335.59999999999985
4568.2350000000015,322.9
4131.134,227.6
2171.4919999999997,144.9
4281.178,285.2
2002.8609999999992,132.10000000000002
2974.529,214.79999999999995
4848.022000000002,350.59999999999997
4355.352,306.80000000000007
1638.5110000000002,107.19999999999999
2817.0790000000006,198.00000000000003
2817.0790000000006,198.00000000000003
1247.7479999999998,89.1
702.324,47.4
3930.8910000000005,270.00000000000006
2630.922,182.80000000000004
1752.8449999999998,141.40000000000003
2604.751,194.4
4517.460000000002,328.30000000000007
3019.1279999999997,191.49999999999997
460.33099999999996,29.9
744.303,48.599999999999994
744.303,48.599999999999994
648.153,43.300000000000004
1701.1760000000006,127.49999999999999
4863.6179999999995,327.40000000000003
3595.252,262.29999999999995
550.41,36.6
1902.7789999999998,131.9
1418.008,106.30000000000001
4836.469999999999,337.5
3849.568,282.00000000000006
4606.593,321.8
3274.109999999999,232.20000000000002
4522.635,320.0
2357.2169999999996,197.5
1672.6139999999998,107.10000000000002
3022.395,208.6
2251.1139999999996,158.2
3096.3990000000003,213.0
2887.506000000001,204.20000000000002
3883.9130000000014,283.79999999999995
3883.9130000000014,283.79999999999995
2449.188,157.79999999999998
4032.7229999999995,295.0000000000001
2309.191,159.19999999999996
3659.3350000000014,258.90000000000003
1821.6589999999997,180.9
1405.7489999999998,97.60000000000001
3380.9000000000005,236.80000000000004
2916.9530000000004,200.20000000000005
3318.4070000000006,234.20000000000005
4310.169000000001,305.59999999999997
3612.728999999999,269.5
1800.2279999999998,121.4
1632.328,116.59999999999998
2078.5890000000004,147.1
4236.918000000001,306.1000000000001
4094.3680000000004,283.20000000000005
4290.424999999999,257.2
3128.610999999999,207.20000000000002
3994.220999999999,275.79999999999995
5330.940000000001,380.2999999999999
2689.4639999999995,177.4000000000001
2813.789,190.2
1320.3379999999997,177.6
212.529,14.5
443.68500000000006,28.799999999999997
4233.264000000001,291.99999999999994
5146.903999999998,365.8
4842.917000000001,350.1000000000001
3637.533,223.0
0.0,0.0
1209.6619999999998,90.9
4968.866000000001,351.99999999999994
3671.0499999999997,261.80000000000007
2828.8260000000005,185.60000000000002
2815.2690000000007,176.49999999999997
1152.3790000000001,82.7
3970.572000000001,283.5
1137.172,74.00000000000001
3238.6789999999996,230.40000000000006
686.849,45.7
1943.6009999999997,138.3
2290.435,136.20000000000002
3712.9980000000005,265.4
1902.9580000000003,142.0
942.8710000000001,65.7
3736.5929999999994,269.20000000000005
2183.4449999999997,147.20000000000002
3690.2260000000006,272.4
3939.2369999999996,284.0
5481.252999999999,383.2
1161.335,78.89999999999999
1231.9850000000001,81.19999999999999
2466.592,162.80000000000007
1358.7109999999998,104.3
3256.7059999999997,231.6
3478.1570000000006,243.4
4591.414000000002,334.2999999999999
1745.261,116.39999999999998
3118.1839999999997,228.89999999999998
4017.5589999999993,286.49999999999994
3896.3020000000006,274.5
4078.2010000000005,287.3999999999999
1673.092,108.8
2168.343,141.20000000000002
2527.92,190.29999999999998
928.8349999999999,67.30000000000001
2893.633,210.6
1705.785,119.0
722.38,105.5
1822.1509999999998,126.4
4252.589,303.79999999999995
1218.5469999999998,78.5
2508.8299999999995,175.7
5404.017000000001,377.99999999999994
1410.0729999999999,95.89999999999999
2322.7269999999994,169.1
2322.7269999999994,169.1
1075.097,77.1
1027.622,76.69999999999999
3429.1909999999993,233.79999999999998
5318.951999999999,284.00000000000006
3560.348,261.3
3509.7740000000003,238.0
2488.3,178.49999999999997
2957.8099999999995,213.49999999999997
1068.649,77.20000000000002
2256.9470000000006,148.9
3888.0839999999994,242.3
1018.735,66.50000000000001
4025.3899999999994,286.5
1568.2730000000001,113.6
957.0649999999999,116.5
1666.6860000000001,121.2
4012.121000000002,267.8
3474.7960000000003,238.6
2206.3539999999994,149.6
1808.0700000000002,128.40000000000003
4310.642000000001,281.4
4546.803,315.1000000000001
5847.432,352.70000000000005
2684.2080000000005,175.9
3656.9989999999993,247.70000000000002
3708.3759999999993,254.4
5196.325000000002,368.49999999999994
1691.3999999999999,118.7
2437.4499999999994,221.2
1426.3619999999999,96.69999999999999
1153.845,77.4
1359.73,88.5
1429.3540000000003,93.3
1774.4910000000002,119.69999999999999
379.16,26.4
2243.5759999999996,159.3
1790.0500000000002,133.0
3856.8160000000007,268.9
4329.865000000001,308.19999999999993
2699.7640000000006,188.8
4527.222000000001,307.59999999999997
5303.3910000000005,359.00000000000006
5929.257999999999,385.70000000000005
1583.5929999999996,108.80000000000001
2834.0860000000002,212.29999999999998
1647.023,111.59999999999998
5105.636000000001,354.79999999999995
757.171,49.199999999999996
3198.4659999999994,210.20000000000005
2667.516,180.9
4442.55,314.3999999999999
3676.5730000000003,239.39999999999992
2134.428,149.70000000000002
3412.6949999999993,242.39999999999998
3412.6949999999993,242.39999999999998
2806.3239999999996,208.1
524.428,35.8
3129.763999999999,225.89999999999998
1597.6599999999999,113.9
4314.693,291.29999999999995
3465.16,343.00000000000006
5223.746,333.5
3551.2579999999994,235.00000000000006
2066.027,148.6
4085.6629999999996,296.49999999999994
2763.539999999999,177.0
1314.5620000000001,162.20000000000002
4965.508000000001,351.69999999999993
1139.747,94.7
4413.691000000001,310.9
2423.218,178.40000000000003
4302.908999999999,299.50000000000006
3469.668000000001,235.89999999999998
2334.064,156.89999999999998
2852.491,184.10000000000005
1071.0729999999999,73.1
1730.46,104.4
3463.6239999999993,223.59999999999997
3522.938,257.3
1564.0659999999998,103.40000000000002
1784.634,128.9
1763.0629999999996,126.59999999999998
1302.563,87.30000000000003
5832.651000000003,389.70000000000005
3217.2830000000004,229.19999999999993
4588.489,298.3
1992.9429999999995,173.59999999999997
1447.548,103.20000000000002
2490.1570000000006,161.70000000000007
5050.910999999999,367.0999999999998
3818.4989999999993,260.00000000000006
4912.845,338.29999999999995
2025.8369999999998,245.99999999999997
2187.6710000000003,147.79999999999998
2344.8979999999992,169.3
2898.4500000000003,210.89999999999998
793.787,51.6
1186.7239999999997,79.39999999999999
868.71,152.60000000000002
5631.787,392.8999999999999
3927.6719999999996,315.1
3887.6,219.8
4988.667,350.3
3552.1119999999996,236.59999999999994
3662.8129999999996,258.2
1944.1480000000004,123.7
1249.096,81.60000000000001
4199.378999999999,301.19999999999993
1113.5769999999998,76.6
2764.2119999999995,177.69999999999996
2098.627,137.0
2231.9019999999996,162.40000000000003
995.5189999999998,68.0
136.948,10.2
617.4,40.49999999999999
1440.056,94.89999999999999
2169.449,159.3
3113.293,217.29999999999998
3474.724,250.4
5763.924000000001,408.2999999999999
1134.508,83.1
1678.7749999999999,112.4
3381.421,224.59999999999997
3103.371,223.2
4710.703,331.49999999999994
5103.075999999999,373.40000000000015
3315.8319999999994,229.6
1624.503,121.19999999999999
1962.2399999999998,129.59999999999997
493.81600000000003,32.0
2655.8749999999995,176.90000000000006
2655.8749999999995,176.90000000000006
295.229,19.299999999999997
4197.236000000001,288.3
1539.7739999999997,98.80000000000001
2053.4500000000003,144.4
1762.3480000000002,191.10000000000002
1029.057,71.2
1887.204,125.90000000000002
2243.2070000000003,161.10000000000002
4308.556999999999,306.80000000000007
4051.982,248.29999999999998
4187.772,293.59999999999997
280.736,18.3
3751.34,266.99999999999994
4723.7339999999995,321.30000000000007
3450.6660000000006,243.40000000000003
2969.386,195.00000000000003
2969.386,195.00000000000003
2374.2459999999996,171.79999999999998
744.0880000000001,48.300000000000004
3772.2320000000004,212.7
2220.9429999999998,158.20000000000005
1505.9759999999999,110.00000000000001
3034.689,213.30000000000004
5700.139000000001,384.30000000000007
3550.229,237.3
3384.9100000000003,203.5
4706.412,342.4
2763.229,199.10000000000002
1666.673,112.99999999999999
2701.427,177.6
960.4140000000001,74.3
3867.551000000001,242.8
3146.8439999999996,205.60000000000002
3030.012000000001,205.3
4496.263000000001,316.5
5277.824,370.3999999999999
5736.796999999999,383.69999999999993
3127.959,208.6
3600.5809999999997,251.99999999999994
3138.8,212.29999999999998
5182.640000000001,370.89999999999986
2857.0299999999993,183.7
386.236,24.999999999999996
2787.736,192.00000000000003
5577.447999999998,390.59999999999985
1717.618,111.19999999999999
4101.0470000000005,291.59999999999997
3762.5009999999997,276.4000000000001
3668.1510000000003,259.2999999999999
4567.342999999999,329.0
1262.63,87.59999999999998
2223.4460000000004,148.0
2956.126,214.6
2572.3909999999996,188.1
2279.0099999999998,142.2
3215.858000000001,222.50000000000003
3260.77,266.8999999999999
2056.87,141.5
2474.705,204.39999999999998
1492.3710000000003,99.89999999999999
2589.846,186.8
359.13,24.6
2659.015,178.39999999999998
3977.578,258.89999999999986
1942.3600000000004,136.50000000000003
839.7230000000001,53.7
2290.254,171.8
2290.254,171.8
1990.0689999999997,139.79999999999998
3738.2509999999997,247.1
1551.1670000000001,111.0
3412.562,231.30000000000004
846.675,61.199999999999996
2563.945,178.7
1142.7099999999998,82.89999999999999
1563.4119999999998,103.80000000000001
1168.8549999999998,78.90000000000002
549.814,35.800000000000004
2732.0710000000004,295.40000000000003
4193.786,235.10000000000002
556.249,41.9
3286.784000000001,231.70000000000002
2194.7439999999992,164.29999999999995
5672.806999999998,376.59999999999997
4289.133999999999,304.49999999999994
869.596,56.69999999999999
2210.81,165.1
2210.81,165.1
2210.81,165.1
1829.739,126.3
1957.0690000000002,135.4
3547.3499999999995,235.19999999999996
4259.117000000001,304.3999999999999
2477.349,166.8
2086.59,244.7
3586.2249999999995,256.30000000000007
1354.477,87.60000000000001
354.85900000000004,23.0
1638.528,108.4
3434.3030000000003,220.29999999999995
4342.613,295.90000000000003
2286.638,167.29999999999998
5952.537,417.0
1789.3520000000005,130.89999999999998
1349.1499999999999,101.5
5274.227000000001,341.1
3686.881,210.50000000000006
4991.141999999999,345.1999999999999
3932.032,277.0
4651.605,326.29999999999995
3264.378999999999,245.8000000000001
1057.654,77.7
1166.4059999999997,78.8
4058.0359999999996,296.29999999999995
2286.719,143.3
3199.492000000001,228.79999999999998
2453.325,179.59999999999997
2668.007,190.29999999999995
4553.756000000001,323.9
2786.859,203.49999999999997
2339.607,178.19999999999996
4730.143999999999,325.00000000000006
2236.96,147.9
920.9,63.7
3354.0150000000003,236.60000000000002
1508.897,100.90000000000002
4023.83,288.7
4605.493999999999,285.5
551.037,35.8
512.597,38.1
4165.7750000000015,268.29999999999995
3443.5550000000007,241.30000000000004
3419.1549999999997,193.4
5353.137999999999,309.7
3150.257,257.4
2810.7010000000005,196.60000000000002
3974.518,271.79999999999995
4406.065,247.79999999999998
4884.170000000002,349.4000000000001
4701.749,304.9
2451.428,163.5
2379.112,171.99999999999997
2503.5340000000006,177.00000000000003
1597.6299999999999,107.10000000000001
2920.612,205.1
2592.1219999999994,193.89999999999995
3157.5940000000005,229.79999999999998
2507.7030000000004,174.29999999999995
1956.232,144.80000000000004
1625.1290000000001,105.8
998.076,63.99999999999999
4636.142000000001,331.79999999999995
4466.909000000001,297.09999999999997
3439.273000000001,297.69999999999993
1912.0459999999998,150.40000000000003
4684.1669999999995,312.4000000000001
2723.9059999999995,195.9
3313.702,289.3999999999999
4785.174999999999,330.69999999999993
2189.431,153.6
2127.568,145.3
3436.8680000000004,259.0
3119.393,215.10000000000005
4015.23,301.7
1805.5120000000002,121.99999999999999
853.0229999999999,55.9
1827.8119999999997,132.70000000000002
152.151,9.9
471.276,30.900000000000002
2978.194,212.69999999999996
3629.9320000000007,245.90000000000003
2703.6470000000004,171.89999999999998
4298.374,313.6
1857.8980000000001,220.4
4212.6759999999995,275.7
4126.2300000000005,292.59999999999997
5062.391999999998,265.6
2753.0730000000003,181.60000000000002
3839.1839999999993,263.1
2132.879,147.8
2539.0290000000005,166.39999999999998
4517.371999999999,279.90000000000003
2315.7889999999998,152.8
3806.5279999999993,268.4
1461.7000000000003,94.10000000000001
3259.8810000000008,227.70000000000002
2325.0209999999997,147.7
4647.218000000002,332.0
2893.876000000001,199.20000000000005
2398.302,204.60000000000002
5077.7480000000005,334.40000000000003
2659.202,188.60000000000005
108.457,7.0
2856.164999999999,194.70000000000002
3557.795,239.4
2096.1960000000004,146.7
1079.1439999999998,72.60000000000001
3978.1899999999996,295.39999999999986
693.276,45.1
381.947,25.000000000000004
3636.4840000000013,266.0
2562.2760000000003,191.2
3091.6690000000003,203.79999999999998
1687.625,120.4
2605.376,182.19999999999996
3532.6840000000007,247.30000000000004
800.132,52.2
3973.98,211.5
3973.98,211.5
5230.019000000001,376.69999999999993
4034.6940000000004,292.29999999999995
3187.9630000000006,260.3
1108.056,73.0
4404.247000000001,315.19999999999993
924.0250000000001,105.3
1977.378,141.10000000000002
1340.4589999999998,89.20000000000002
2818.6819999999993,205.2
1227.238,90.8
3523.752000000001,249.3
5297.755,350.8
2720.414,190.60000000000002
3476.674,229.70000000000005
2482.5170000000003,212.99999999999994
3737.007,266.3
3336.3169999999996,218.20000000000007
3464.0730000000003,229.00000000000003
2863.2290000000003,194.49999999999997
2523.914,233.40000000000003
5715.843999999999,388.00000000000006
2943.1619999999994,194.9
1408.254,92.20000000000002
1219.069,88.7
4167.322,291.7999999999999
893.0319999999999,59.300000000000004
2519.9820000000004,168.4
4854.197999999999,336.09999999999997
1168.2930000000003,78.3
5084.356000000001,364.0
3355.864,220.4
3220.1550000000007,219.1
2197.0440000000003,160.10000000000002
3670.894000000001,251.20000000000002
1428.434,94.0
3453.2319999999995,248.60000000000005
3147.958000000001,224.29999999999998
3039.962,213.9
1745.0410000000002,130.19999999999996
4884.383000000001,338.00000000000006
2373.3830000000003,161.09999999999997
3468.4599999999996,249.29999999999995
635.576,47.0
1390.098,94.0
1598.1710000000003,106.30000000000001
739.67,50.5
4474.1410000000005,322.1
4273.911,306.1
2992.4189999999994,213.99999999999997
1942.5870000000002,134.5
4078.5080000000003,288.1
3672.128,239.3
1625.952,128.2
2944.289,198.0
4920.268,346.6
288.98900000000003,20.8
5007.514000000001,354.59999999999997
716.2530000000002,53.3
3256.554,176.60000000000002
1021.1320000000001,67.2
3988.0999999999995,293.2999999999999
2910.4,192.39999999999995
2643.622,170.00000000000003
1376.8339999999998,90.7
4032.4089999999997,286.8
2292.426,166.2
3720.2489999999993,245.39999999999998
4834.776000000002,340.79999999999995
411.601,28.9
5297.961000000002,371.79999999999995
3237.490999999999,237.4
4231.065999999999,303.50000000000006
2930.765000000001,185.7
2592.1780000000003,167.8
2585.6950000000006,244.4
1914.6360000000002,125.70000000000002
1851.4430000000002,124.1
2791.4080000000004,195.3
2255.92,144.20000000000002
229.32600000000002,14.999999999999998
3209.1210000000005,174.50000000000003
3229.951,213.70000000000002
2081.0950000000003,137.2
858.7759999999998,61.3
2292.978,170.10000000000002
2101.1199999999994,155.09999999999997
908.934,60.6
2434.913,256.99999999999994
4301.982000000001,285.1
3334.7200000000003,246.9
3295.897,209.89999999999998
1610.8540000000003,103.00000000000003
1471.069,103.80000000000001
1587.114,118.0
1132.864,87.49999999999999
1208.559,90.1
1803.6959999999997,127.10000000000001
3559.6189999999997,276.3
2436.5769999999998,186.1
2010.9329999999995,137.5
2110.0910000000003,159.8
5397.914999999999,385.1999999999999
2213.8050000000003,151.9
2537.807,172.59999999999997
1273.743,94.9
3197.5340000000006,229.7
5132.746000000002,381.40000000000003
4357.596,302.69999999999993
4443.201,309.8
3242.9400000000014,212.60000000000008
959.769,63.699999999999996
616.966,46.0
4954.3369999999995,349.7
4049.6299999999997,322.1000000000001
2597.3819999999996,235.79999999999998
4382.1950000000015,312.89999999999986
1952.8459999999998,128.7
1567.2079999999994,102.30000000000001
5159.88,367.1999999999999
3250.3770000000004,213.20000000000005
2906.022,250.50000000000006
3574.678,254.5
3630.698000000001,239.29999999999995
2298.526,162.70000000000002
3804.613,260.4
3698.5679999999993,266.29999999999995
3724.978,269.5
3659.859999999999,263.40000000000003
1864.849,139.1
2406.952,177.69999999999996
2496.5469999999996,173.20000000000002
1899.5120000000002,128.20000000000002
4680.707000000001,313.99999999999994
3416.506,243.50000000000009
1437.157,98.7
3299.688999999999,220.1
3063.266,250.49999999999991
1403.4599999999998,91.3
1084.952,70.69999999999999
839.677,55.7
2392.605,171.99999999999997
2779.359,182.89999999999998
4394.526000000002,303.9
2035.8900000000003,135.3
2786.5119999999993,185.50000000000003
1892.1910000000003,123.60000000000001
4583.261,288.8
328.36,24.5
328.36,24.5
4133.9850000000015,277.0
1606.0499999999997,108.19999999999999
5726.919999999999,401.20000000000005
3811.084999999999,272.0
3855.841,256.9
3093.717,214.5
3797.5209999999993,255.29999999999993
1293.58,85.2
3590.7230000000013,246.00000000000003
519.079,33.9
3736.366999999999,251.39999999999998
4756.049000000002,338.9999999999999
717.801,45.80000000000001
3189.83,236.80000000000007
5307.375999999999,373.59999999999997
4636.079000000001,336.8999999999999
2410.9410000000003,159.20000000000002
2466.9359999999997,173.70000000000005
2469.697,162.6
3957.370000000001,281.2
3856.8340000000007,263.6
1761.984,116.39999999999999
2336.111,153.50000000000003
1507.044,104.4
3839.509,274.20000000000005
2089.9249999999997,158.7
5602.469000000001,404.3999999999999
433.67799999999994,28.299999999999997
4336.600999999999,295.4
2878.1759999999995,196.50000000000003
1864.199,131.90000000000003
2895.256,206.70000000000002
189.211,12.3
556.1160000000001,36.1
4214.888,309.60000000000014
2905.3530000000005,215.9
2474.2019999999998,170.6
2478.0330000000004,176.70000000000002
746.287,48.3
4086.837,276.99999999999994
2413.0099999999998,167.99999999999997
378.298,24.700000000000003
4262.166,310.8
1420.797,94.3
2621.1140000000005,177.79999999999998
1686.7069999999999,124.2
979.2879999999999,63.69999999999999
1418.857,100.10000000000001
2936.4069999999997,213.5
4086.7019999999998,210.9
4086.7019999999998,210.9
3810.361999999999,266.1
1665.1750000000002,106.6
3964.544,258.09999999999997
3090.0059999999994,232.09999999999997
1188.4830000000002,84.49999999999999
5332.69,362.49999999999994
3978.9109999999996,281.50000000000006
1024.797,73.9
2721.8689999999997,188.40000000000003
1608.8850000000004,106.59999999999997
2229.57,179.6
580.371,39.6
4365.212,304.9
3856.929,223.79999999999995
1650.2999999999997,111.2
4604.499,291.00000000000006
4581.236999999997,326.70000000000005
2244.646,174.9
5455.148,289.09999999999997
720.824,46.8
3075.7690000000002,205.39999999999998
1103.37,79.2
3212.0829999999996,240.8
817.833,53.300000000000004
2597.2720000000004,178.00000000000003
3735.8969999999995,253.79999999999998
5040.7069999999985,354.1
1836.326,131.29999999999998
2342.1589999999997,164.29999999999998
1448.244,102.1
2306.9909999999995,152.70000000000002
4452.012999999999,315.5
3936.324,249.70000000000002
2452.7840000000006,172.10000000000002
2080.675,144.2
5160.210999999999,364.7999999999999
4828.638999999999,344.39999999999986
3652.883,263.7999999999999
1690.0349999999996,126.39999999999999
4154.852,293.1
4638.533,321.5999999999999
3441.6369999999997,252.20000000000005
4094.2600000000007,294.0
1695.172,112.0
2949.852,209.09999999999997
2332.439,157.0
742.7650000000001,52.1
4302.868000000001,303.79999999999995
4276.553,250.1
2350.7230000000004,185.6
1377.6080000000002,89.10000000000002
2274.7889999999998,146.2
705.0319999999999,46.0
1492.985,100.19999999999999
4816.155000000001,341.7
3550.944,252.69999999999996
1292.799,89.79999999999998
3936.932,285.80000000000007
930.02,64.60000000000001
2278.529,168.6
4483.6860000000015,287.8
2018.494,160.1
873.41,110.0
592.345,42.7
1345.195,89.4
1884.814,138.6
1439.863,103.30000000000001
2163.899,144.8
1406.4319999999998,88.5
1514.884,97.8
1718.908,114.29999999999998
4097.882,294.29999999999995
1936.211,131.10000000000002
859.641,55.6
2788.0159999999996,181.40000000000003
3614.4680000000003,253.09999999999994
5007.542,359.3
1444.37,98.6
4098.2519999999995,294.1
2209.4359999999997,176.9
1016.8209999999999,66.1
4585.923,330.70000000000005
941.365,61.2
941.365,61.2
4114.2210000000005,242.4
4786.456999999999,329.3
1799.0690000000002,120.7
3553.4939999999997,251.7
1530.4869999999999,100.1
3860.7019999999998,272.5
3945.5729999999994,263.50000000000006
212.902,101.1
3995.131999999999,287.5
891.4870000000001,66.5
2429.311,176.9
3510.022,234.99999999999994
2394.2569999999996,167.3
4933.231,362.99999999999994
1050.933,75.60000000000001
4490.950999999998,268.5
3239.716999999999,186.20000000000005
76.961,5.0
1779.26,129.9
2462.087,167.5
2462.087,167.5
2659.5330000000004,179.5
3641.558,253.49999999999991
485.014,34.8
2264.469,162.19999999999996
4703.286,334.59999999999997
3510.5949999999993,193.00000000000003
1910.7179999999998,130.0
1910.7179999999998,130.0
5244.082999999999,370.2
3372.0040000000004,234.79999999999993
3018.528,154.8
3780.9390000000003,266.2
2985.344,210.8
2125.307,251.00000000000003
2488.6270000000004,162.5
3695.3500000000004,256.70000000000005
1672.6560000000002,116.99999999999999
957.0649999999999,116.5
2831.356,197.19999999999996
1704.7149999999997,103.99999999999999
3935.5790000000006,219.99999999999997
1115.046,83.2
1364.6329999999998,100.70000000000002
2894.7560000000003,186.2
1603.8029999999997,107.99999999999999
2195.342,145.2
2220.8259999999996,145.3
1965.2740000000003,135.90000000000003
1303.3379999999997,148.3
1267.331,83.0
3447.127,235.70000000000005
2398.034,171.09999999999997
1113.391,86.3
3030.104,221.3
4995.463000000002,352.19999999999993
3461.984,254.5
2646.910999999999,176.80000000000004
720.81,50.199999999999996
3117.5539999999996,227.40000000000003
2342.542000000001,163.6
3471.787,248.80000000000007
425.63,28.4
700.778,45.7
2295.6639999999998,150.60000000000002
3709.7920000000004,261.0
3401.425,241.69999999999996
1261.4799999999998,89.8
3543.806000000001,253.5
4854.396999999998,278.7
3756.6059999999993,269.4000000000001
2665.894,183.2
1757.5600000000002,129.8
4494.960000000002,322.19999999999993
3830.0669999999996,279.09999999999997
2889.4460000000004,190.4
2107.263,159.69999999999996
4392.891,321.4000000000001
2999.0269999999996,207.4
5137.383000000001,333.1
3538.1350000000007,249.20000000000002
1706.5700000000006,110.19999999999999
2517.0619999999994,186.3
4141.802,262.49999999999994
5401.712,379.39999999999986
1965.8780000000004,134.6
777.662,50.6
1566.0279999999998,115.20000000000002
2498.312,286.7
2571.9600000000005,185.99999999999997
2465.4,167.4
4425.724,307.49999999999994
2007.0140000000001,133.10000000000002
2839.4700000000003,185.99999999999997
4185.4090000000015,298.90000000000003
1462.0749999999998,107.6
3045.668,199.0
1968.9720000000002,118.3
2174.911,146.9
3275.8160000000003,222.89999999999995
1719.5500000000002,112.10000000000001
1437.4139999999998,103.3
2051.607,183.40000000000003
4889.723999999999,333.50000000000006
3497.071000000001,248.09999999999994
840.9900000000001,54.699999999999996
2468.864,169.6
2236.745,146.99999999999994
4418.784,303.1000000000001
3862.3620000000005,263.5
3170.367999999999,214.79999999999995
3958.834999999999,235.0
5101.917999999999,317.40000000000003
3787.1599999999994,234.2
3151.8160000000003,227.49999999999997
2885.4480000000003,198.5
3907.229999999999,269.1
5944.661999999999,625.9
2092.893,153.3
3379.159,233.50000000000006
2706.9679999999994,180.29999999999998
5390.656999999999,349.6999999999999
3430.3739999999993,244.7
2750.0640000000003,193.69999999999996
3448.9430000000007,228.8
4574.1359999999995,327.7999999999999
4719.5869999999995,342.50000000000006
4014.0249999999996,280.6000000000001
3166.5689999999995,225.40000000000003
2149.6850000000004,154.2
3339.312,237.70000000000005
2995.9040000000005,212.39999999999995
2658.0360000000005,177.5
663.061,43.39999999999999
1017.134,74.9
4618.86,314.0
1871.7999999999997,129.49999999999997
2482.886,177.2
3190.825,226.2
4931.946000000001,351.2999999999999
1754.8069999999998,151.20000000000002
764.331,50.5
738.826,48.9
367.92499999999995,25.0
3292.649000000001,237.20000000000002
3504.9470000000006,243.80000000000007
1023.256,66.8
1526.058,112.1
1716.0550000000003,126.69999999999999
4039.046000000001,286.4
4808.533,343.59999999999997
2766.1599999999994,167.40000000000003
4251.978,267.30000000000007
1921.4089999999999,139.29999999999998
833.125,55.8
5203.474999999999,341.29999999999995
4624.662000000001,330.8999999999999
1822.648,174.89999999999998
335.41599999999994,21.900000000000002
4161.9529999999995,292.3000000000001
3405.8320000000003,246.69999999999996
4039.87,293.3
2347.9069999999997,172.89999999999998
4455.236,280.40000000000003
1626.2210000000002,108.7
2728.5689999999995,202.7
2049.9749999999995,141.49999999999997
2612.3600000000006,159.10000000000002
506.183,33.4
1838.7719999999997,107.3
1827.0500000000002,118.30000000000001
638.744,47.599999999999994
3478.6600000000003,238.4
2173.0170000000003,180.0
4924.288,347.50000000000006
1786.084,116.80000000000001
2358.557,169.10000000000005
1333.926,97.99999999999997
2617.149,167.09999999999997
2704.873,198.4
2558.4660000000003,186.1
2267.6730000000002,157.0
5548.219000000001,394.9
4134.337,297.8999999999999
3639.4019999999996,241.3
4797.232,342.90000000000003
715.432,46.599999999999994
3617.288,277.00000000000006
3751.2580000000003,259.59999999999997
1368.6670000000001,95.7
1540.3479999999997,99.79999999999998
4786.787000000001,354.5999999999999
4135.368,275.3000000000001
1091.6909999999998,76.6
1897.1399999999999,127.3
4392.329000000001,305.3
1671.715,118.89999999999999
2019.848,135.5
1280.3819999999998,84.0
2456.449,166.4
3310.38,235.0
3310.38,235.0
4648.42,310.80000000000007
4361.061999999998,283.9
4760.893,248.30000000000004
2272.304,158.4
4262.743,271.7000000000001
3834.4089999999997,272.2
381.682,26.8
4259.180000000001,309.1
2851.956,198.79999999999995
2129.976,146.3
3863.008999999999,275.9000000000001
3029.0619999999994,203.5
1502.1239999999996,111.9
3174.1059999999993,256.1000000000001
4314.134,283.2
2265.994,170.09999999999997
1802.0310000000002,129.20000000000002
2354.854,158.5
1454.3309999999997,97.19999999999999
3856.336999999999,220.20000000000002
1479.7039999999997,100.8
887.1410000000001,56.9
3330.1490000000003,222.20000000000002
3418.0869999999995,253.2
3464.8829999999994,251.39999999999995
3910.198000000001,271.1
5396.983000000001,335.30000000000007
1696.8180000000002,117.6
5022.4220000000005,358.2999999999999
3338.53,219.5
3162.2270000000003,242.5
4667.2390000000005,332.09999999999997
3121.0860000000002,216.20000000000002
1744.2770000000003,112.90000000000002
4159.718000000001,293.7999999999999
1314.891,89.29999999999998
3557.2359999999994,256.0
2285.0899999999997,157.80000000000004
1893.4799999999998,127.10000000000001
3161.313,187.00000000000006
3384.2119999999995,246.09999999999997
3064.6029999999996,227.89999999999995
1486.4130000000002,100.19999999999999
4600.062,293.99999999999994
2219.7669999999994,153.4
587.554,41.4
4415.638999999999,311.8999999999999
2496.059999999999,163.4
3576.49,260.7
3060.9750000000004,221.8
2650.777,193.10000000000002
2650.777,193.10000000000002
1290.1390000000001,95.90000000000002
2573.639,171.90000000000003
3408.9339999999997,248.89999999999995
4444.8589999999995,311.4
2044.5819999999999,139.5
3710.6750000000006,248.20000000000005
1870.553,133.1
1708.208,131.0
2498.3669999999997,184.8
4757.942000000003,333.9999999999999
3537.692,247.30000000000004
4805.526999999999,257.5
5203.041000000001,342.8999999999999
5091.591,362.6
947.6940000000001,101.4
1111.1470000000002,72.3
3971.2260000000006,256.5999999999999
3419.5070000000005,247.39999999999998
4588.576000000001,265.4
3066.989,206.90000000000003
2600.8740000000003,281.7
2048.4719999999993,135.90000000000003
4556.362999999999,316.5
3469.0250000000005,239.90000000000003
1416.246,94.70000000000002
1552.5969999999998,108.6
333.472,21.7
2258.4860000000003,152.50000000000003
4931.136,297.1
3286.664,212.00000000000003
2330.741,149.6
4244.011000000001,257.7
4812.338999999999,292.1000000000001
1117.21,78.79999999999998
1117.21,78.79999999999998
2613.4940000000006,184.6
1023.991,69.1
5202.972999999999,352.90000000000003
2878.0440000000003,197.1
2258.5339999999997,155.90000000000003
2278.4680000000003,185.49999999999997
3528.9599999999996,251.79999999999998
828.5540000000001,56.50000000000001
2825.561,197.30000000000004
1858.371,137.6
3336.6549999999993,235.6
1600.9759999999999,108.3
1972.4059999999997,131.50000000000003
2115.156,144.20000000000002
1842.8930000000003,144.70000000000002
4650.2880000000005,327.1
2181.8439999999996,145.6
4652.495999999999,328.6000000000001
3817.4820000000004,270.2999999999999
1728.932,128.39999999999998
4700.197,319.1
2701.216,195.19999999999996
2193.531,153.0
4134.014999999999,303.5999999999999
2501.1450000000004,175.90000000000003
4389.300999999999,314.90000000000003
984.185,64.8
3113.2669999999994,238.3
2970.3579999999993,195.00000000000003
2960.5099999999993,219.19999999999996
1212.5379999999998,81.2
5420.040000000001,389.99999999999994
4925.027999999998,299.90000000000003
1552.9790000000003,103.0
5761.706999999999,376.8
3580.0499999999993,236.10000000000002
2088.5629999999996,140.0
2767.3979999999997,187.60000000000002
1860.3439999999998,126.79999999999998
3701.503,266.59999999999997
3033.407,205.69999999999993
4480.297999999999,324.50000000000006
2982.791,212.8
4656.525,326.9
3932.499,268.6
3919.673,272.50000000000006
3187.371,211.00000000000009
1578.0070000000003,106.00000000000001
4281.074999999999,259.30000000000007
4281.074999999999,259.30000000000007
3633.687,263.40000000000003
4208.146999999999,278.1
2337.487,155.49999999999997
1886.594,124.9
2846.5029999999992,206.69999999999996
3893.9090000000006,283.9999999999999
1304.021,97.29999999999998
4148.539,284.50000000000006
5438.330000000001,398.50000000000006
1676.101,174.89999999999995
1101.1560000000002,71.30000000000001
2297.1659999999997,158.20000000000002
5200.558999999998,348.2
2602.364,176.60000000000002
2780.179,183.29999999999998
4753.602999999999,337.49999999999994
4378.132,264.4
2729.8810000000003,170.79999999999998
313.33,20.299999999999997
5290.573000000001,308.5
2623.1189999999997,180.99999999999997
3376.3869999999997,244.4
2007.4600000000005,193.5
3945.563000000001,227.6
3185.544,239.10000000000005
891.8319999999999,64.19999999999999
2203.1620000000003,142.3
3757.838,274.09999999999997
3948.943999999999,276.30000000000007
2517.314999999999,181.20000000000002
1810.3840000000002,149.8
2427.9029999999993,177.2
1788.1150000000002,148.10000000000002
2205.8,161.20000000000002
3733.662000000001,271.4
2373.2110000000002,152.00000000000003
2269.7430000000004,148.49999999999997
3050.134,296.70000000000005
1125.0610000000001,73.8
3296.8170000000005,239.49999999999997
3688.133999999999,248.89999999999998
1300.9470000000001,84.30000000000001
2858.082,204.2
3067.1349999999993,231.10000000000008
1310.193,86.6
1852.4920000000002,135.79999999999998
2341.7059999999997,173.5
2356.246,162.8
3260.7520000000004,225.7
4584.773,313.0
778.738,52.2
3384.1109999999994,241.09999999999997
4934.481000000001,333.30000000000007
4253.372,410.2
2868.6050000000005,182.20000000000002
1510.1899999999998,100.60000000000001
5240.9529999999995,345.49999999999983
5230.22,352.90000000000003
3589.306,328.29999999999995
812.5819999999999,59.900000000000006
2054.136,163.0
677.973,43.9
3447.562999999999,248.10000000000002
2913.018,220.30000000000004
3431.947,217.20000000000002
2920.6760000000004,198.09999999999994
4581.385,326.29999999999984
2535.6179999999995,178.60000000000005
2238.684,161.39999999999998
2088.4610000000002,154.20000000000002
1087.147,72.4
3894.525,272.6
2739.665000000001,183.09999999999997
808.4480000000001,53.6
3857.780000000001,271.9
2163.4660000000003,146.79999999999998
3270.216,169.2
4357.309,296.8
387.0,25.1
2653.666999999999,196.70000000000005
1291.202,90.0
1809.3850000000002,133.0
2112.6620000000003,157.29999999999998
2747.9510000000005,194.90000000000003
1917.6070000000002,128.0
2654.38,178.00000000000003
3819.894000000001,279.0
2864.435,195.1999999999999
4476.017999999999,335.60000000000014
1738.905,119.80000000000001
2565.405,188.8
3425.5669999999996,251.19999999999996
2006.316,132.10000000000002
5603.044999999996,351.7
2169.033,197.8
3936.5660000000003,282.29999999999995
5780.803999999998,373.0
1707.837,117.8
734.0200000000001,50.0
2301.676,172.0
4650.606000000001,331.7
1130.5919999999999,106.3
1248.229,82.1
2848.5299999999997,204.0
899.701,60.300000000000004
3897.7370000000005,261.90000000000003
3045.996,287.09999999999997
912.5619999999997,60.5
2196.554,211.29999999999998
1041.3700000000001,73.4
3811.6280000000006,255.20000000000002
1286.4759999999999,89.39999999999999
3417.955999999999,227.29999999999995
2860.861,190.7
1067.787,69.20000000000002
4155.878000000001,283.49999999999994
2769.2540000000004,248.2
4379.115,311.70000000000005
2338.249,170.99999999999997
3747.1780000000012,265.4
4322.782000000001,293.2999999999999
2590.335,174.10000000000002
3642.6769999999997,195.2
1656.0659999999998,108.1
1769.183,144.0
3272.5409999999997,229.99999999999997
2411.7090000000003,159.3
1170.096,77.2
4140.635,296.1
2718.735,201.70000000000005
3689.0270000000005,259.2
417.56100000000004,27.7
4579.721999999999,307.3
1830.1549999999997,121.69999999999999
4099.052,302.99999999999994
1623.7569999999998,113.70000000000002
4415.265,314.20000000000005
4415.265,314.20000000000005
358.83899999999994,23.400000000000002
4233.535,353.6999999999999
4129.203000000001,291.40000000000003
909.702,60.0
3699.7680000000005,251.29999999999993
4848.638,319.79999999999995
4335.215000000001,312.6
814.787,55.800000000000004
3148.942,227.10000000000002
3764.1440000000007,267.30000000000007
2548.9680000000008,263.3
1288.275,99.4
1603.7050000000002,92.10000000000001
2193.5779999999995,150.40000000000003
4406.969999999999,289.20000000000005
592.191,43.4
321.84000000000003,20.9
3869.8050000000003,253.29999999999998
4934.776000000001,348.19999999999993
1949.5000000000002,140.20000000000002
1883.583,125.20000000000002
3110.3609999999994,299.50000000000006
1847.3010000000002,196.99999999999997
1766.8540000000003,121.20000000000002
4891.609999999999,356.99999999999994
1427.798,106.4
3876.165999999999,277.8999999999999
3876.165999999999,277.8999999999999
1729.947,131.70000000000002
2880.2570000000005,185.6
2728.6890000000003,196.9
868.0720000000001,59.400000000000006
4787.1280000000015,300.3
5345.665000000002,361.29999999999995
3760.8669999999993,278.80000000000007
3248.2320000000004,220.2
5087.669000000001,399.40000000000003
1211.53,84.7
2894.004000000001,298.4999999999999
2589.1220000000003,179.19999999999996
4837.312,340.9999999999999
3292.545000000001,212.9
4096.946999999999,263.49999999999994
261.666,18.7
3070.0209999999993,222.6
1003.327,66.6
1140.654,74.2
2538.2899999999995,183.0
3945.0539999999996,282.80000000000007
3925.0780000000004,262.70000000000005
4452.042,305.99999999999994
4803.204000000001,318.90000000000003
3628.216,206.80000000000004
3658.825,331.8
3745.382,255.9
3320.975000000001,242.00000000000003
2622.111,244.10000000000002
4316.573999999999,303.1
2894.7590000000005,207.20000000000002
2025.672,166.10000000000002
4813.499999999998,388.40000000000003
1539.789,106.39999999999999
684.102,44.19999999999999
4851.882,353.0000000000001
2913.3689999999992,182.40000000000003
4858.36,356.90000000000003
4159.328999999999,293.59999999999997
1644.6380000000004,94.3
3328.3529999999996,238.7
1540.2240000000002,107.9
3320.522,240.79999999999998
4729.551000000002,335.9999999999999
1213.38,79.89999999999999
2769.5780000000004,179.2
5022.173000000001,315.1
1606.5760000000002,107.29999999999998
3440.5990000000006,253.79999999999998
1071.8709999999999,73.79999999999998
5575.385,391.6999999999998
2364.279,173.4
1918.899,127.80000000000001
4352.152,305.20000000000005
3091.952999999999,190.00000000000003
4441.179999999999,308.7
5339.696999999999,375.49999999999994
432.57500000000005,28.900000000000002
4344.322999999999,311.30000000000007
5184.657000000001,341.5
4526.535999999999,558.5999999999999
2466.9050000000007,168.6
4769.369000000001,337.99999999999994
1293.1650000000002,89.3
3836.4349999999995,254.99999999999991
3469.556999999999,255.4
1788.5710000000001,118.8
4086.6690000000003,289.29999999999995
3711.635,296.50000000000006
3447.562999999999,248.10000000000002
3771.291999999999,275.5000000000001
2902.503,204.3
2982.419,210.29999999999995
2583.3059999999996,264.4
1625.0620000000001,173.50000000000003
1708.9060000000002,99.09999999999998
1534.111,109.69999999999999
3536.8920000000007,219.49999999999997
2250.1160000000004,163.90000000000003
2975.159,188.49999999999997
3708.4280000000003,260.49999999999994
181.89,11.9
4512.529,286.5
3704.6409999999996,211.10000000000005
3647.424,214.8
3349.792,227.50000000000003
3935.7180000000003,279.3
3003.9000000000005,224.69999999999996
2707.984,196.60000000000002
5475.947999999999,368.1
595.4639999999999,39.8
1747.6309999999999,124.59999999999998
2818.2070000000003,198.39999999999998
2065.081,132.00000000000003
4318.2429999999995,307.49999999999994
1070.636,72.29999999999998
5396.715999999999,381.99999999999983
5377.550000000001,343.0
1334.018,88.2
236.747,15.5
493.09400000000005,31.999999999999996
3374.7839999999997,242.5
3207.5240000000003,227.89999999999998
3369.6910000000007,274.70000000000005
747.0169999999999,48.10000000000001
553.7130000000001,39.1
3108.7530000000006,188.9
626.7330000000001,40.7
5368.439999999998,377.40000000000003
2514.476,166.20000000000005
1501.587,116.39999999999999
4327.417000000001,316.1000000000001
3329.396,189.1
3602.1810000000014,232.90000000000003
4406.806999999999,293.5
3311.7310000000007,205.29999999999998
2185.551,146.79999999999998
3393.1529999999993,243.60000000000008
2064.9390000000003,135.0
4332.593000000001,294.79999999999995
3635.3230000000003,260.4
3454.08,240.6
5017.807999999999,353.1999999999998
2329.242,155.70000000000005
2843.741,210.59999999999997
2843.741,210.59999999999997
3348.166,247.99999999999997
1087.946,72.50000000000001
1956.495,129.1
3708.7369999999996,262.70000000000005
2354.8790000000004,165.9
3392.086,232.69999999999996
1239.336,115.6
2795.1239999999993,208.0
4062.4980000000005,288.29999999999995
4456.210999999999,318.0
812.7610000000001,54.599999999999994
3052.388,220.70000000000002
3941.9649999999997,287.7000000000001
3139.6620000000007,201.69999999999993
1770.1929999999995,129.5
3585.9230000000002,260.3999999999999
2467.1780000000003,160.50000000000003
624.2919999999999,40.5
5193.715999999999,369.50000000000006
3195.1120000000005,221.79999999999998
5019.633,354.99999999999994
4582.904999999998,237.00000000000003
3222.9719999999993,219.80000000000004
1772.9540000000002,115.8
2495.567,167.1
4832.257000000001,338.7000000000001
2449.655,175.90000000000003
728.3820000000001,54.1
3804.0120000000006,278.4
3601.213999999999,223.6
3487.656,253.70000000000002
2370.7120000000004,158.8
3339.014,233.20000000000002
2564.6070000000004,176.40000000000003
1903.618,138.3
2975.6650000000004,215.39999999999998
3976.9089999999997,261.50000000000006
3115.021000000001,277.9999999999999
2733.7160000000003,196.79999999999998
3236.0499999999997,206.10000000000008
1651.4189999999999,108.9
3608.7039999999997,255.60000000000002
2343.78,154.9
5162.751000000001,334.40000000000003
1021.707,76.2
5219.697000000001,380.3999999999999
2990.921,194.49999999999997
436.57,32.5
2137.931,142.10000000000002
804.8899999999999,56.9
3977.965,278.5
4446.961,292.6
2489.2799999999997,167.39999999999998
4587.937999999999,303.39999999999986
3741.118,212.5
2063.556,179.89999999999998
4579.068000000001,333.99999999999994
4486.723,298.6999999999999
2823.9299999999994,192.0
4468.857999999999,312.4
2069.811000000001,135.7
2305.007,156.9
2163.4049999999997,168.10000000000002
812.6380000000001,60.7
5645.388999999998,397.99999999999994
2441.9610000000002,182.1
2018.732,148.99999999999997
4416.143999999999,318.8000000000001
3884.71,256.7
2077.0049999999997,154.9
1025.3960000000002,66.89999999999999
3616.8619999999996,256.8
1499.2669999999998,103.7
4080.6599999999994,296.39999999999986
4992.144,355.0
4992.144,355.0
2506.9460000000004,163.6
5015.1230000000005,357.20000000000005
743.236,55.4
1932.994,145.10000000000002
5167.305999999998,358.0999999999999
2498.9729999999995,166.4
1739.7849999999999,117.19999999999999
1028.84,76.69999999999999
2013.3709999999999,138.6
3891.604,272.9000000000001
3891.604,272.9000000000001
4475.025,322.50000000000006
2157.998,150.9
3237.999,217.2
2735.9599999999996,187.70000000000002
2048.89,158.89999999999998
4543.220000000001,316.59999999999997
3557.5540000000005,249.59999999999997
3908.8199999999997,281.6
4495.354,327.79999999999995
1486.637,133.2
2582.7129999999997,179.59999999999997
2582.7129999999997,179.59999999999997
2525.0069999999996,185.20000000000002
3415.3590000000013,225.59999999999997
